46.909805,7.358469,7.358469,46.909805,1.00,585.72,585.69,585.51,584.34,0.00,593.00,
46.909805,7.358469,7.358469,46.909805,1.00,585.76,585.73,585.58,584.44,0.00,593.00,
46.909805,7.358469,7.358469,46.909805,1.00,585.76,585.73,585.58,584.46,0.00,593.00,
46.909805,7.358469,7.358469,46.909805,1.00,585.74,585.72,585.49,584.39,0.00,593.00,
46.909805,7.358469,7.358469,46.909805,1.00,585.73,585.70,585.63,584.55,0.00,593.00,
46.909805,7.358469,7.358469,46.909805,1.00,585.73,585.70,585.59,584.51,0.00,593.00,
46.909805,7.358469,7.358469,46.909805,1.00,585.79,585.77,585.51,584.45,0.00,593.00,
46.909805,7.358469,7.358469,46.909805,1.00,585.70,585.67,585.54,584.50,0.00,593.00,
46.909805,7.358469,7.358469,46.909805,1.00,585.71,585.67,585.54,584.53,0.00,593.00,
46.909805,7.358469,7.358469,46.909805,1.00,585.71,585.68,585.41,584.39,0.00,593.00,
46.909805,7.358469,7.358469,46.909805,1.00,585.74,585.72,585.45,584.45,0.00,593.00,
46.909805,7.358469,7.358469,46.909805,1.00,585.71,585.68,585.39,584.41,0.00,593.00,
46.909805,7.358469,7.358469,46.909805,1.00,585.73,585.70,585.33,584.37,0.00,593.00,
46.909805,7.358469,7.358469,46.909805,1.00,585.74,585.72,585.23,584.28,0.00,593.00,
46.909805,7.358469,7.358469,46.909805,1.00,585.73,585.70,585.19,584.24,0.00,593.00,
46.909805,7.358469,7.358469,46.909805,1.00,585.75,585.73,585.24,584.29,0.00,593.00,
46.909805,7.358469,7.358469,46.909805,1.00,585.71,585.70,585.17,584.27,0.00,593.00,
46.909805,7.358469,7.358469,46.909805,1.00,585.74,585.71,585.23,584.33,0.00,593.00,
46.909805,7.358469,7.358469,46.909805,1.00,585.75,585.73,585.32,584.44,0.00,593.00,
46.909805,7.358469,7.358469,46.909805,1.00,585.69,585.68,585.13,584.27,0.00,593.00,
46.909805,7.358469,7.358469,46.909805,1.00,585.71,585.69,585.10,584.23,0.00,593.00,
46.909805,7.358469,7.358469,46.909805,1.00,585.71,585.68,585.06,584.21,0.00,593.00,
46.909805,7.358469,7.358469,46.909805,1.00,585.78,585.75,585.16,584.33,0.00,593.00,
46.909805,7.358469,7.358469,46.909805,1.00,585.73,585.70,585.12,584.31,0.00,593.00,
46.909805,7.358469,7.358469,46.909805,1.00,585.77,585.75,585.21,584.41,0.00,593.00,
46.909805,7.358469,7.358469,46.909805,1.00,585.73,585.70,585.10,584.31,0.00,593.00,
46.909805,7.358469,7.358469,46.909805,1.00,585.74,585.72,585.15,584.36,0.00,593.00,
46.909805,7.358469,7.358469,46.909805,1.00,585.73,585.70,585.11,584.33,0.00,593.00,
46.909805,7.358469,7.358469,46.909805,1.00,585.76,585.74,585.09,584.30,0.00,593.00,
46.909805,7.358469,7.358469,46.909805,1.00,585.75,585.72,585.19,584.42,0.00,593.00,
46.909805,7.358469,7.358469,46.909805,1.00,585.74,585.71,585.12,584.36,0.00,593.00,
46.909805,7.358469,7.358469,46.909805,1.00,585.77,585.75,585.20,584.47,0.00,593.00,
46.909805,7.358469,7.358469,46.909805,1.00,585.74,585.70,585.23,584.52,0.00,593.00,
46.909805,7.358469,7.358469,46.909805,1.00,585.71,585.66,585.28,584.55,0.00,593.00,
46.909805,7.358469,7.358469,46.909805,1.00,585.71,585.68,585.23,584.49,0.00,593.00,
46.909805,7.358469,7.358469,46.909805,1.00,585.75,585.73,585.22,584.50,0.00,593.00,
46.909805,7.358469,7.358469,46.909805,1.00,585.74,585.72,585.25,584.54,0.00,593.00,
46.909805,7.358469,7.358469,46.909805,1.00,585.75,585.73,585.35,584.66,0.00,593.00,
46.909805,7.358469,7.358469,46.909805,1.00,585.72,585.72,585.30,584.63,0.00,593.00,
46.909805,7.358469,7.358469,46.909805,1.00,585.74,585.71,585.46,584.80,0.00,593.00,
46.909805,7.358469,7.358469,46.909805,1.00,585.73,585.70,585.60,584.92,0.00,593.00,
46.909805,7.358469,7.358469,46.909805,1.00,585.73,585.71,585.61,584.91,0.00,593.00,
46.909805,7.358469,7.358469,46.909805,1.00,585.73,585.70,585.55,584.85,0.00,593.00,
46.909805,7.358469,7.358469,46.909805,1.00,585.71,585.68,585.46,584.75,0.00,593.00,
46.909805,7.358469,7.358469,46.909805,1.00,585.71,585.69,585.31,584.60,0.00,593.00,
46.909805,7.358469,7.358469,46.909805,1.00,585.73,585.70,585.34,584.63,0.00,593.00,
46.909805,7.358469,7.358469,46.909805,1.00,585.71,585.69,585.24,584.53,0.00,593.00,
46.909805,7.358469,7.358469,46.909805,1.00,585.79,585.76,585.35,584.64,0.00,593.00,
46.909805,7.358469,7.358469,46.909805,1.00,585.74,585.71,585.39,584.68,0.00,593.00,
46.909805,7.358469,7.358469,46.909805,1.00,585.71,585.67,585.21,584.49,0.00,593.00,
46.909805,7.358469,7.358469,46.909805,1.00,585.71,585.68,585.21,584.52,0.00,593.00,
46.909805,7.358469,7.358469,46.909805,1.00,585.71,585.68,585.29,584.59,0.00,593.00,
46.909805,7.358469,7.358469,46.909805,1.00,585.75,585.73,585.29,584.61,0.00,593.00,
46.909805,7.358469,7.358469,46.909805,1.00,585.73,585.70,585.30,584.63,0.00,593.00,
46.909805,7.358469,7.358469,46.909805,1.00,585.71,585.70,585.25,584.58,0.00,593.00,
46.909805,7.358469,7.358469,46.909805,1.00,585.71,585.68,585.33,584.66,0.00,593.00,
46.909805,7.358469,7.358469,46.909805,1.00,585.71,585.68,585.40,584.71,0.00,593.00,
46.909805,7.358469,7.358469,46.909805,1.00,585.70,585.66,585.21,584.51,0.00,593.00,
46.909805,7.358469,7.358469,46.909805,1.00,585.76,585.73,585.14,584.44,0.00,593.00,
46.909805,7.358469,7.358469,46.909805,1.00,585.74,585.72,585.23,584.54,0.00,593.00,
46.909805,7.358469,7.358469,46.909805,1.00,585.77,585.75,585.29,584.59,0.00,593.00,
46.909805,7.358469,7.358469,46.909805,1.00,585.70,585.67,585.13,584.43,0.00,593.00,
46.909805,7.358469,7.358469,46.909805,1.00,585.73,585.70,585.11,584.41,0.00,593.00,
46.909805,7.358469,7.358469,46.909805,1.00,585.77,585.75,585.19,584.47,0.00,593.00,
46.909805,7.358469,7.358469,46.909805,1.00,585.68,585.65,585.19,584.47,0.00,593.00,
46.909805,7.358469,7.358469,46.909805,1.00,585.77,585.75,585.22,584.50,0.00,593.00,
46.909805,7.358469,7.358469,46.909805,1.00,585.70,585.67,585.14,584.44,0.00,593.00,
46.909805,7.358469,7.358469,46.909805,1.00,585.73,585.70,585.16,584.44,0.00,593.00,
46.909805,7.358469,7.358469,46.909805,1.00,585.76,585.73,585.14,584.44,0.00,593.00,
46.909805,7.358469,7.358469,46.909805,1.00,585.77,585.75,585.22,584.52,0.00,593.00,
46.909805,7.358469,7.358469,46.909805,1.00,585.71,585.68,585.27,584.58,0.00,593.00,
46.909805,7.358469,7.358469,46.909805,1.00,585.74,585.72,585.36,584.67,0.00,593.00,
46.909805,7.358469,7.358469,46.909805,1.00,585.73,585.70,585.35,584.66,0.00,593.00,
46.909805,7.358469,7.358469,46.909805,1.00,585.73,585.70,585.25,584.57,0.00,593.00,
46.909805,7.358469,7.358469,46.909805,1.00,585.73,585.70,585.15,584.44,0.00,593.00,
46.909805,7.358469,7.358469,46.909805,1.00,585.74,585.73,585.29,584.58,0.00,593.00,
46.909805,7.358469,7.358469,46.909805,1.00,585.75,585.72,585.32,584.61,0.00,593.00,
46.909805,7.358469,7.358469,46.909805,1.00,585.80,585.75,585.51,584.81,0.00,593.00,
46.909805,7.358469,7.358469,46.909805,1.00,585.71,585.68,585.59,584.87,0.00,593.00,
46.909805,7.358469,7.358469,46.909805,1.00,585.72,585.70,585.62,584.92,0.00,593.00,
46.909805,7.358469,7.358469,46.909805,1.00,585.75,585.72,585.51,584.80,0.00,593.00,
46.909805,7.358469,7.358469,46.909805,1.00,585.73,585.70,585.66,584.96,0.00,593.00,
46.909805,7.358469,7.358469,46.909805,1.00,585.71,585.69,585.66,584.96,0.00,593.00,
46.909805,7.358469,7.358469,46.909805,1.00,585.71,585.68,585.72,585.07,0.00,593.00,
46.909805,7.358469,7.358469,46.909805,1.00,585.71,585.69,585.76,585.06,0.00,593.00,
46.909805,7.358469,7.358469,46.909805,1.00,585.76,585.73,585.79,585.12,0.00,593.00,
46.909805,7.358469,7.358469,46.909805,1.00,585.80,585.78,585.89,585.22,0.00,593.00,
46.909805,7.358469,7.358469,46.909805,1.00,585.71,585.68,585.96,585.30,0.00,593.00,
46.909805,7.358469,7.358469,46.909805,1.00,585.71,585.70,585.98,585.31,0.00,593.00,
46.909805,7.358469,7.358469,46.909805,1.00,585.74,585.72,586.12,585.47,0.00,593.00,
46.909805,7.358469,7.358469,46.909805,1.00,585.76,585.72,586.14,585.46,0.00,593.00,
46.909805,7.358469,7.358469,46.909805,1.00,585.74,585.71,586.08,585.37,0.00,593.00,
46.909805,7.358469,7.358469,46.909805,1.00,585.71,585.68,586.09,585.39,0.00,593.00,
46.909805,7.358469,7.358469,46.909805,1.00,585.73,585.73,586.12,585.40,0.00,593.00,
46.909805,7.358469,7.358469,46.909805,1.00,585.70,585.67,586.13,585.41,0.00,593.00,
46.909805,7.358469,7.358469,46.909805,1.00,585.76,585.71,586.12,585.38,0.00,593.00,
46.909805,7.358469,7.358469,46.909805,1.00,585.71,585.68,586.11,585.38,0.00,593.00,
46.909805,7.358469,7.358469,46.909805,1.00,585.74,585.71,586.06,585.33,0.00,593.00,
46.909805,7.358469,7.358469,46.909805,1.00,585.74,585.72,586.04,585.34,0.00,593.00,
46.909805,7.358469,7.358469,46.909805,1.00,585.70,585.67,585.87,585.16,0.00,593.00,
46.909805,7.358469,7.358469,46.909805,1.00,585.75,585.73,585.93,585.25,0.00,593.00,
46.909805,7.358469,7.358469,46.909805,1.00,585.71,585.69,585.94,585.25,0.00,593.00,
46.909805,7.358469,7.358469,46.909805,1.00,585.76,585.74,586.01,585.33,0.00,593.00,
46.909259,7.358456,7.358455,46.909259,1.00,585.79,585.77,585.95,585.26,594.40,592.00,
46.909259,7.358455,7.358455,46.909259,1.00,586.63,586.60,585.88,585.19,594.40,592.00,
46.909259,7.358455,7.358455,46.909259,1.00,586.64,586.61,585.80,585.13,594.40,592.00,
46.909259,7.358455,7.358455,46.909259,1.00,586.61,586.58,585.75,585.05,594.40,592.00,
46.909259,7.358455,7.358455,46.909259,1.00,586.63,586.60,585.86,585.17,594.40,592.00,
46.909259,7.358455,7.358455,46.909259,1.00,586.64,586.62,585.85,585.16,594.40,592.00,
46.909259,7.358455,7.358455,46.909259,1.00,586.63,586.60,585.77,585.13,594.40,592.00,
46.909259,7.358455,7.358455,46.909259,1.00,586.60,586.57,585.68,585.00,594.40,592.00,
46.909259,7.358455,7.358455,46.909259,1.00,586.64,586.62,585.86,585.19,594.40,592.00,
46.909259,7.358455,7.358455,46.909259,1.00,586.60,586.57,585.83,585.16,594.40,592.00,
46.909259,7.358455,7.358455,46.909259,1.00,586.66,586.62,585.88,585.19,594.40,592.00,
46.909259,7.358455,7.358455,46.909259,1.00,586.63,586.60,585.87,585.18,594.40,592.00,
46.909259,7.358455,7.358455,46.909259,1.00,586.66,586.63,585.86,585.19,594.40,592.00,
46.909259,7.358455,7.358455,46.909259,1.00,586.69,586.64,585.85,585.16,594.40,592.00,
46.909259,7.358455,7.358455,46.909259,1.00,586.60,586.57,585.69,585.03,594.40,592.00,
46.909259,7.358460,7.358460,46.909259,1.00,586.66,586.63,585.73,585.03,595.20,591.00,
46.909252,7.358460,7.358460,46.909252,1.00,586.61,586.59,585.79,585.07,595.30,591.00,
46.909252,7.358460,7.358460,46.909252,1.00,586.61,586.58,585.75,585.05,595.30,591.00,
46.909252,7.358460,7.358460,46.909252,1.00,586.67,586.65,585.74,585.02,595.30,591.00,
46.909252,7.358460,7.358460,46.909252,1.00,586.59,586.58,585.79,585.08,595.30,591.00,
46.909252,7.358460,7.358460,46.909252,1.00,586.66,586.63,585.66,584.95,595.30,591.00,
46.909252,7.358460,7.358460,46.909252,1.00,586.63,586.60,585.79,585.06,595.30,591.00,
46.909252,7.358460,7.358460,46.909252,1.00,586.61,586.58,585.79,585.05,595.30,591.00,
46.909252,7.358460,7.358460,46.909252,1.00,586.58,586.55,585.62,584.90,595.30,591.00,
46.909252,7.358460,7.358460,46.909252,1.00,586.64,586.62,585.75,585.01,595.30,591.00,
46.909252,7.358460,7.358460,46.909252,1.00,586.66,586.61,585.73,584.97,595.30,591.00,
46.909252,7.358460,7.358460,46.909252,1.00,586.61,586.58,585.75,584.97,595.30,591.00,
46.909252,7.358460,7.358460,46.909252,1.00,586.66,586.64,585.74,584.97,595.30,591.00,
46.909252,7.358460,7.358460,46.909252,1.00,586.63,586.60,585.70,584.92,595.30,591.00,
46.909252,7.358460,7.358460,46.909252,1.00,586.59,586.57,585.66,584.88,595.30,591.00,
46.909252,7.358460,7.358460,46.909252,1.00,586.61,586.58,585.65,584.89,595.30,591.00,
46.909252,7.358460,7.358460,46.909252,1.00,586.66,586.63,585.64,584.87,595.30,591.00,
46.909252,7.358460,7.358460,46.909252,1.00,586.61,586.58,585.64,584.88,595.30,591.00,
46.909252,7.358460,7.358460,46.909252,1.00,586.61,586.58,585.66,584.88,595.30,591.00,
46.909252,7.358460,7.358460,46.909252,1.00,586.63,586.60,585.59,584.81,595.30,591.00,
46.909252,7.358460,7.358460,46.909252,1.00,586.61,586.58,585.40,584.61,595.30,591.00,
46.909252,7.358460,7.358460,46.909252,1.00,586.64,586.62,585.39,584.65,595.30,591.00,
46.909252,7.358460,7.358460,46.909252,1.00,586.63,586.60,585.59,584.78,595.30,591.00,
46.909252,7.358460,7.358460,46.909252,1.00,586.65,586.62,585.64,584.81,595.30,591.00,
46.909252,7.358460,7.358460,46.909252,1.00,586.68,586.66,585.73,584.90,595.30,591.00,
46.909252,7.358460,7.358460,46.909252,1.00,586.65,586.62,585.80,584.98,595.30,591.00,
46.909252,7.358460,7.358460,46.909252,1.00,586.66,586.63,585.95,585.14,595.30,591.00,
46.909252,7.358460,7.358460,46.909252,1.00,586.67,586.65,586.14,585.31,595.30,591.00,
46.909252,7.358460,7.358460,46.909252,1.00,586.68,586.65,586.18,585.37,595.30,591.00,
46.909252,7.358460,7.358460,46.909252,1.00,586.65,586.62,586.29,585.47,595.30,591.00,
46.909252,7.358460,7.358460,46.909252,1.00,586.70,586.68,586.20,585.39,595.30,591.00,
46.908912,7.358340,7.358340,46.908912,1.00,586.68,586.67,586.40,585.58,596.50,592.00,
46.908885,7.358336,7.358336,46.908885,0.00,586.90,586.90,586.62,585.81,596.80,592.00,
46.908885,7.358336,7.358336,46.908885,0.00,587.02,587.01,586.73,585.93,596.80,592.00,
46.908885,7.358336,7.358336,46.908885,0.00,587.14,587.13,586.85,586.05,596.80,592.00,
46.908885,7.358336,7.358336,46.908885,0.00,587.19,587.19,586.90,586.10,596.80,592.00,
46.908779,7.358297,7.358297,46.908779,0.00,587.19,587.19,586.90,586.10,597.60,592.00,
46.908763,7.358290,7.358290,46.908763,0.00,587.22,587.22,586.93,586.13,597.80,596.00,
46.908763,7.358290,7.358290,46.908763,0.00,587.39,587.37,587.10,586.29,597.80,596.00,
46.908763,7.358290,7.358290,46.908763,0.00,587.42,587.40,587.13,586.32,597.80,596.00,
46.908740,7.358276,7.358276,46.908740,0.00,587.53,587.51,587.23,586.43,597.50,596.00,
46.908725,7.358273,7.358273,46.908725,1.00,588.14,588.13,587.32,586.52,597.30,596.00,
46.908725,7.358273,7.358273,46.908725,1.00,588.12,588.09,587.30,586.47,597.30,596.00,
46.908683,7.358248,7.358248,46.908683,1.00,588.08,588.07,587.21,586.38,597.40,596.00,
46.908683,7.358248,7.358248,46.908683,1.00,588.17,588.15,587.32,586.50,597.40,596.00,
46.908683,7.358248,7.358248,46.908683,1.00,588.14,588.12,587.36,586.52,597.40,596.00,
46.908634,7.358218,7.358218,46.908634,1.00,588.15,588.13,587.32,586.49,596.80,596.00,
46.908634,7.358218,7.358218,46.908634,1.00,588.18,588.13,587.53,586.67,596.80,596.00,
46.908584,7.358198,7.358198,46.908584,1.00,588.14,588.11,587.39,586.53,596.70,596.00,
46.908554,7.358185,7.358185,46.908554,1.00,588.16,588.11,587.49,586.61,596.70,596.00,
46.908519,7.358170,7.358170,46.908519,1.00,588.15,588.15,587.59,586.72,596.70,596.00,
46.908519,7.358170,7.358170,46.908519,1.00,588.15,588.12,587.74,586.88,596.70,596.00,
46.908454,7.358143,7.358143,46.908454,1.00,588.11,588.10,587.67,586.80,597.00,596.00,
46.908454,7.358143,7.358143,46.908454,0.00,588.30,588.27,587.86,586.97,597.00,596.00,
46.908454,7.358143,7.358143,46.908454,0.00,588.28,588.25,587.84,586.95,597.00,596.00,
46.908359,7.358085,7.358085,46.908359,0.00,588.49,588.47,588.06,587.19,597.00,596.00,
46.908359,7.358085,7.358085,46.908359,0.00,588.61,588.60,588.18,587.30,597.00,596.00,
46.908302,7.358041,7.358041,46.908302,0.00,588.70,588.69,588.26,587.39,597.20,596.00,
46.908302,7.358041,7.358041,46.908302,0.00,588.99,588.99,588.54,587.69,597.20,596.00,
46.908302,7.358041,7.358041,46.908302,0.00,588.93,588.93,588.51,587.63,597.20,596.00,
46.908302,7.358041,7.358041,46.908302,0.00,589.10,589.09,588.66,587.79,597.20,596.00,
46.908302,7.358041,7.358041,46.908302,0.00,589.18,589.17,588.74,587.87,597.20,596.00,
46.908153,7.357936,7.357936,46.908153,0.00,589.40,589.38,588.97,588.08,597.20,597.00,
46.908153,7.357936,7.357936,46.908153,0.00,589.52,589.50,589.08,588.20,597.20,597.00,
46.908153,7.357936,7.357936,46.908153,0.00,589.77,589.74,589.33,588.44,597.20,597.00,
46.908153,7.357936,7.357936,46.908153,0.00,589.79,589.74,589.35,588.44,597.20,597.00,
46.908153,7.357936,7.357936,46.908153,0.00,589.98,589.94,589.54,588.64,597.20,597.00,
46.908153,7.357936,7.357936,46.908153,0.00,590.38,590.35,589.93,589.09,597.20,597.00,
46.907981,7.357783,7.357783,46.907981,0.00,590.70,590.66,590.28,589.38,598.40,7185.00,
46.907951,7.357756,7.357756,46.907951,0.00,590.92,590.87,590.48,589.57,598.80,6845.00,
46.907924,7.357727,7.357727,46.907924,0.00,591.10,591.06,590.66,589.76,599.10,6487.00,
46.907924,7.357727,7.357727,46.907924,1.00,591.55,591.53,590.55,589.64,599.10,6487.00,
46.907871,7.357680,7.357680,46.907871,1.00,591.51,591.48,590.60,589.70,599.60,5902.00,
46.907844,7.357668,7.357668,46.907844,1.00,591.48,591.47,590.58,589.70,600.00,5746.00,
46.907829,7.357665,7.357665,46.907829,1.00,591.50,591.47,590.60,589.72,599.90,5710.00,
46.907829,7.357665,7.357665,46.907829,1.00,591.51,591.48,590.58,589.68,599.90,5710.00,
46.907829,7.357665,7.357665,46.907829,1.00,591.54,591.52,590.63,589.73,599.90,5710.00,
46.907829,7.357665,7.357665,46.907829,1.00,591.53,591.52,590.56,589.66,599.90,5710.00,
46.907829,7.357665,7.357665,46.907829,1.00,591.57,591.55,590.60,589.72,599.40,5710.00,
46.907821,7.357668,7.357668,46.907821,1.00,591.58,591.53,590.83,589.91,599.50,5746.00,
46.907814,7.357676,7.357676,46.907814,1.00,591.53,591.50,590.73,589.79,599.70,5847.00,
46.907814,7.357676,7.357676,46.907814,1.00,591.53,591.51,590.62,589.65,599.70,5847.00,
46.907787,7.357730,7.357730,46.907787,1.00,591.53,591.50,590.60,589.63,599.90,6519.00,
46.907787,7.357730,7.357730,46.907787,1.00,591.56,591.54,590.72,589.76,599.90,6519.00,
46.907787,7.357730,7.357730,46.907787,1.00,591.56,591.52,590.89,589.92,599.90,6519.00,
46.907737,7.357885,7.357885,46.907737,1.00,591.54,591.52,590.99,590.02,599.60,595.00,
46.907730,7.357945,7.357945,46.907730,0.00,591.56,591.51,591.04,590.05,599.50,594.00,
46.907730,7.357945,7.357945,46.907730,0.00,591.47,591.42,590.91,589.91,599.50,594.00,
46.907730,7.357945,7.357945,46.907730,0.00,591.43,591.38,590.88,589.88,599.50,594.00,
46.907730,7.357945,7.357945,46.907730,0.00,591.42,591.34,590.86,589.84,599.50,594.00,
46.907691,7.358156,7.358156,46.907691,0.00,591.42,591.32,590.87,589.82,599.10,593.00,
46.907680,7.358208,7.358208,46.907680,0.00,591.21,591.09,590.66,589.59,599.10,592.00,
46.907680,7.358208,7.358208,46.907680,0.00,590.99,590.86,590.44,589.36,599.10,592.00,
46.907680,7.358208,7.358208,46.907680,0.00,590.85,590.69,590.30,589.19,599.10,592.00,
46.907680,7.358208,7.358208,46.907680,0.00,590.79,590.61,590.21,589.08,599.10,592.00,
46.907642,7.358430,7.358430,46.907642,0.00,590.74,590.56,590.21,589.07,598.90,590.00,
46.907627,7.358493,7.358493,46.907627,0.00,590.65,590.44,590.09,588.94,598.70,590.00,
46.907627,7.358493,7.358493,46.907627,0.00,590.04,589.79,589.49,588.29,598.70,590.00,
46.907627,7.358493,7.358493,46.907627,0.00,589.33,589.03,588.78,587.53,598.70,590.00,
46.907627,7.358493,7.358493,46.907627,0.00,588.72,588.40,588.18,586.90,598.70,590.00,
46.907569,7.358791,7.358791,46.907569,0.00,588.32,587.95,587.77,586.46,597.00,593.00,
46.907550,7.358877,7.358877,46.907550,0.00,587.89,587.47,587.34,585.97,596.30,593.00,
46.907550,7.358877,7.358877,46.907550,0.00,587.39,586.95,586.84,585.45,596.30,593.00,
46.907520,7.359045,7.359045,46.907520,0.00,586.92,586.44,586.37,584.94,595.00,592.00,
46.907520,7.359045,7.359045,46.907520,0.00,586.50,585.99,585.95,584.47,595.00,592.00,
46.907520,7.359045,7.359045,46.907520,0.00,586.30,585.77,585.77,584.30,595.00,592.00,
46.907520,7.359045,7.359045,46.907520,0.00,586.05,585.50,585.48,584.00,595.00,592.00,
46.907428,7.359320,7.359320,46.907428,0.00,585.96,585.41,585.41,583.91,593.10,591.00,
46.907413,7.359357,7.359357,46.907413,0.00,585.89,585.33,585.34,583.83,592.60,591.00,
46.907413,7.359357,7.359357,46.907413,1.00,585.63,585.60,585.11,583.59,592.60,591.00,
46.907371,7.359383,7.359383,46.907371,1.00,585.61,585.59,585.11,583.62,592.60,591.00,
46.907356,7.359385,7.359385,46.907356,1.00,585.68,585.65,585.14,583.65,592.80,591.00,
46.907356,7.359385,7.359385,46.907356,1.00,585.65,585.60,585.15,583.63,593.10,591.00,
46.907356,7.359383,7.359383,46.907356,1.00,585.62,585.60,584.99,583.47,592.30,591.00,
46.907356,7.359383,7.359383,46.907356,1.00,585.65,585.63,584.99,583.46,592.30,591.00,
46.907356,7.359383,7.359383,46.907356,1.00,585.63,585.60,584.96,583.42,592.30,591.00,
46.907356,7.359383,7.359383,46.907356,1.00,585.64,585.62,585.01,583.49,592.30,591.00,
46.907299,7.359375,7.359375,46.907299,1.00,585.66,585.63,585.11,583.57,591.70,592.00,
46.907299,7.359375,7.359375,46.907299,0.00,585.72,585.69,585.17,583.63,591.70,592.00,
46.907234,7.359349,7.359349,46.907234,0.00,585.83,585.79,585.29,583.74,591.50,593.00,
46.907234,7.359349,7.359349,46.907234,0.00,585.78,585.74,585.23,583.64,591.50,593.00,
46.907234,7.359349,7.359349,46.907234,0.00,585.80,585.76,585.26,583.69,591.50,593.00,
46.907234,7.359349,7.359349,46.907234,0.00,585.87,585.85,585.36,583.79,591.50,593.00,
46.907089,7.359244,7.359244,46.907089,0.00,585.98,585.93,585.43,583.86,591.30,595.00,
46.907089,7.359244,7.359244,46.907089,0.00,585.81,585.75,585.26,583.69,591.30,595.00,
46.907016,7.359195,7.359195,46.907016,0.00,586.15,586.10,585.60,584.04,591.20,596.00,
46.907016,7.359195,7.359195,46.907016,0.00,586.17,586.10,585.62,584.04,591.20,596.00,
46.906932,7.359151,7.359151,46.906932,0.00,586.06,585.99,585.51,583.93,591.20,587.00,
46.906932,7.359151,7.359151,46.906932,0.00,586.39,586.31,585.84,584.25,591.20,587.00,
46.906932,7.359151,7.359151,46.906932,0.00,586.27,586.18,585.72,584.12,591.20,587.00,
46.906803,7.359086,7.359086,46.906803,0.00,586.07,585.95,585.52,583.89,591.50,588.00,
46.906753,7.359064,7.359064,46.906753,0.00,585.98,585.86,585.43,583.80,591.80,589.00,
46.906715,7.359041,7.359041,46.906715,0.00,585.89,585.74,585.34,583.68,592.00,589.00,
46.906673,7.359025,7.359025,46.906673,0.00,586.03,585.87,585.48,583.81,592.50,589.00,
46.906673,7.359025,7.359025,46.906673,0.00,586.25,586.12,585.70,584.06,592.50,589.00,
46.906581,7.358983,7.358983,46.906581,0.00,586.10,585.95,585.56,583.89,593.10,590.00,
46.906543,7.358960,7.358960,46.906543,0.00,586.10,585.93,585.56,583.87,593.40,590.00,
46.906509,7.358939,7.358939,46.906509,0.00,586.07,585.89,585.52,583.83,593.60,590.00,
46.906509,7.358939,7.358939,46.906509,0.00,586.19,585.99,585.61,583.92,593.60,590.00,
46.906509,7.358939,7.358939,46.906509,0.00,586.01,585.81,585.46,583.74,593.60,590.00,
46.906509,7.358939,7.358939,46.906509,0.00,586.05,585.85,585.50,583.79,593.60,590.00,
46.906509,7.358939,7.358939,46.906509,0.00,586.52,586.32,585.97,584.26,593.60,590.00,
46.906509,7.358939,7.358939,46.906509,0.00,586.51,586.31,585.96,584.25,593.60,590.00,
46.906509,7.358939,7.358939,46.906509,0.00,586.70,586.48,586.15,584.42,593.60,590.00,
46.906242,7.358920,7.358920,46.906242,0.00,587.07,586.87,586.52,584.81,594.90,593.00,
46.906242,7.358920,7.358920,46.906242,0.00,587.37,587.18,586.82,585.12,594.90,593.00,
46.906200,7.359000,7.359000,46.906200,0.00,587.83,587.63,587.28,585.60,595.00,594.00,
46.906200,7.359000,7.359000,46.906200,0.00,588.12,587.89,587.57,585.83,595.00,594.00,
46.906169,7.359072,7.359072,46.906169,0.00,588.43,588.19,587.88,586.13,595.50,595.00,
46.906143,7.359101,7.359101,46.906143,0.00,588.43,588.16,587.86,586.09,595.80,595.00,
46.906120,7.359127,7.359127,46.906120,0.00,588.58,588.33,588.03,586.27,596.10,596.00,
46.906120,7.359127,7.359127,46.906120,0.00,588.58,588.31,588.03,586.24,596.10,596.00,
46.906055,7.359160,7.359160,46.906055,0.00,588.67,588.40,588.12,586.34,596.80,597.00,
46.906021,7.359163,7.359163,46.906021,0.00,588.72,588.45,588.17,586.40,596.90,597.00,
46.906021,7.359163,7.359163,46.906021,0.00,589.03,588.77,588.48,586.71,596.90,597.00,
46.906021,7.359163,7.359163,46.906021,0.00,589.26,588.99,588.71,586.93,596.90,597.00,
46.905933,7.359120,7.359120,46.905933,0.00,589.67,589.42,589.12,587.36,598.40,599.00,
46.905906,7.359090,7.359090,46.905906,0.00,590.15,589.91,589.60,587.85,598.80,599.00,
46.905906,7.359090,7.359090,46.905906,0.00,590.41,590.18,589.86,588.12,598.80,599.00,
46.905906,7.359090,7.359090,46.905906,0.00,590.68,590.47,590.13,588.41,598.80,599.00,
46.905906,7.359090,7.359090,46.905906,0.00,590.97,590.76,590.42,588.70,598.80,599.00,
46.905906,7.359090,7.359090,46.905906,0.00,590.99,590.79,590.46,588.74,598.80,599.00,
46.905906,7.359090,7.359090,46.905906,0.00,591.18,591.00,590.64,588.93,598.80,599.00,
46.905906,7.359090,7.359090,46.905906,0.00,591.23,591.04,590.69,588.98,598.80,599.00,
46.905906,7.359090,7.359090,46.905906,0.00,591.48,591.29,590.93,589.23,598.80,599.00,
46.905803,7.358821,7.358821,46.905803,0.00,591.84,591.65,591.29,589.59,601.60,599.00,
46.905803,7.358821,7.358821,46.905803,0.00,592.30,592.13,591.75,590.07,601.60,599.00,
46.905776,7.358747,7.358747,46.905776,0.00,592.49,592.30,591.94,590.24,602.00,599.00,
46.905776,7.358747,7.358747,46.905776,0.00,592.80,592.62,592.25,590.56,602.00,599.00,
46.905761,7.358704,7.358704,46.905761,0.00,593.14,592.95,592.59,590.89,601.80,599.00,
46.905761,7.358704,7.358704,46.905761,0.00,593.75,593.59,593.20,591.54,601.80,599.00,
46.905712,7.358582,7.358582,46.905712,0.00,594.13,593.99,593.62,591.93,602.40,598.00,
46.905712,7.358582,7.358582,46.905712,0.00,594.44,594.26,593.89,592.20,602.40,598.00,
46.905673,7.358510,7.358510,46.905673,0.00,594.65,594.48,594.10,592.41,603.00,593.00,
46.905673,7.358510,7.358510,46.905673,0.00,594.92,594.75,594.37,592.69,603.00,593.00,
46.905673,7.358510,7.358510,46.905673,0.00,595.48,595.34,594.93,593.28,603.00,593.00,
46.905624,7.358448,7.358448,46.905624,0.00,595.65,595.50,595.10,593.44,603.50,593.00,
46.905590,7.358420,7.358420,46.905590,0.00,596.10,595.94,595.55,593.90,603.80,593.00,
46.905567,7.358396,7.358396,46.905567,0.00,596.47,596.32,595.92,594.26,604.10,593.00,
46.905502,7.358354,7.358354,46.905502,0.00,596.59,596.44,596.04,594.38,604.40,593.00,
46.905502,7.358354,7.358354,46.905502,0.00,596.70,596.57,596.15,594.51,604.40,593.00,
46.905502,7.358354,7.358354,46.905502,0.00,596.97,596.80,596.42,594.74,604.40,593.00,
46.905410,7.358320,7.358320,46.905410,0.00,597.23,597.07,596.68,595.01,605.30,593.00,
46.905410,7.358320,7.358320,46.905410,0.00,597.34,597.16,596.79,595.10,605.30,593.00,
46.905410,7.358320,7.358320,46.905410,0.00,597.61,597.44,597.06,595.38,605.30,593.00,
46.905353,7.358307,7.358307,46.905353,0.00,597.75,597.57,597.20,595.51,605.90,593.00,
46.905353,7.358307,7.358307,46.905353,0.00,597.96,597.77,597.42,595.71,605.90,593.00,
46.905353,7.358307,7.358307,46.905353,0.00,598.46,598.28,597.91,596.22,605.90,593.00,
46.905231,7.358273,7.358273,46.905231,0.00,598.82,598.64,598.27,596.57,606.70,593.00,
46.905231,7.358273,7.358273,46.905231,0.00,599.12,598.90,598.57,596.84,606.70,593.00,
46.905166,7.358268,7.358268,46.905166,0.00,599.26,599.03,598.72,596.97,607.40,602.00,
46.905166,7.358268,7.358268,46.905166,0.00,599.29,599.05,598.77,597.06,607.40,602.00,
46.905109,7.358257,7.358257,46.905109,0.00,599.88,599.67,599.33,597.61,607.80,602.00,
46.905109,7.358257,7.358257,46.905109,0.00,599.98,599.73,599.43,597.67,607.80,602.00,
46.905052,7.358240,7.358240,46.905052,0.00,600.02,599.75,599.47,597.69,608.30,602.00,
46.905021,7.358233,7.358233,46.905021,0.00,600.27,600.01,599.72,597.95,608.60,602.00,
46.905021,7.358233,7.358233,46.905021,0.00,600.42,600.18,599.91,598.12,608.60,602.00,
46.905021,7.358233,7.358233,46.905021,0.00,600.78,600.49,600.23,598.47,608.60,602.00,
46.904964,7.358221,7.358221,46.904964,0.00,600.79,600.48,600.22,598.42,609.30,602.00,
46.904907,7.358198,7.358198,46.904907,0.00,601.07,600.79,600.52,598.73,609.50,602.00,
46.904907,7.358198,7.358198,46.904907,0.00,601.52,601.24,600.97,599.18,609.50,602.00,
46.904850,7.358177,7.358177,46.904850,0.00,602.04,601.78,601.49,599.72,609.70,602.00,
46.904850,7.358177,7.358177,46.904850,0.00,602.73,602.48,602.18,600.42,609.70,602.00,
46.904850,7.358177,7.358177,46.904850,0.00,602.70,602.40,602.15,600.34,609.70,602.00,
46.904850,7.358177,7.358177,46.904850,0.00,602.64,602.33,602.09,600.27,609.70,602.00,
46.904743,7.358137,7.358137,46.904743,0.00,603.13,602.82,602.61,600.79,610.30,602.00,
46.904743,7.358137,7.358137,46.904743,0.00,603.45,603.15,602.90,601.09,610.30,602.00,
46.904678,7.358119,7.358119,46.904678,0.00,603.79,603.45,603.21,601.39,610.80,602.00,
46.904678,7.358119,7.358119,46.904678,0.00,604.01,603.69,603.46,601.63,610.80,602.00,
46.904678,7.358119,7.358119,46.904678,0.00,604.30,603.99,603.75,601.93,610.80,602.00,
46.904678,7.358119,7.358119,46.904678,0.00,604.55,604.26,604.01,602.20,610.80,602.00,
46.904678,7.358119,7.358119,46.904678,0.00,604.88,604.57,604.33,602.51,610.80,602.00,
46.904541,7.358068,7.358068,46.904541,0.00,605.28,604.99,604.73,602.93,611.90,601.00,
46.904541,7.358068,7.358068,46.904541,0.00,605.33,605.02,604.76,602.94,611.90,601.00,
46.904541,7.358068,7.358068,46.904541,0.00,605.54,605.25,605.04,603.21,611.90,601.00,
46.904541,7.358068,7.358068,46.904541,0.00,606.21,605.91,605.66,603.85,611.90,601.00,
46.904418,7.358026,7.358026,46.904418,0.00,606.69,606.37,606.14,604.31,613.00,601.00,
46.904418,7.358026,7.358026,46.904418,0.00,606.82,606.48,606.27,604.42,613.00,601.00,
46.904361,7.358008,7.358008,46.904361,0.00,606.82,606.48,606.28,604.42,613.50,601.00,
46.904361,7.358008,7.358008,46.904361,0.00,607.05,606.71,606.56,604.72,613.50,601.00,
46.904361,7.358008,7.358008,46.904361,0.00,607.35,607.02,606.80,604.96,613.50,601.00,
46.904262,7.357971,7.357971,46.904262,0.00,607.44,607.10,606.89,605.04,614.20,601.00,
46.904239,7.357958,7.357958,46.904239,0.00,608.35,608.00,607.80,605.94,614.40,601.00,
46.904239,7.357958,7.357958,46.904239,0.00,608.12,607.74,607.58,605.68,614.40,601.00,
46.904239,7.357958,7.357958,46.904239,0.00,607.86,607.44,607.31,605.38,614.40,601.00,
46.904239,7.357958,7.357958,46.904239,0.00,608.12,607.74,607.62,605.68,614.40,601.00,
46.904109,7.357915,7.357915,46.904109,0.00,608.58,608.17,608.03,606.11,615.30,601.00,
46.904087,7.357910,7.357910,46.904087,0.00,608.77,608.35,608.26,606.32,615.30,602.00,
46.904052,7.357910,7.357910,46.904052,0.00,609.05,608.61,608.50,606.55,615.30,602.00,
46.904029,7.357920,7.357920,46.904029,0.00,609.21,608.76,608.66,606.70,615.30,602.00,
46.904029,7.357920,7.357920,46.904029,0.00,609.41,608.96,608.86,606.90,615.30,602.00,
46.904029,7.357920,7.357920,46.904029,0.00,609.80,609.34,609.25,607.30,615.30,602.00,
46.904029,7.357920,7.357920,46.904029,0.00,609.91,609.46,609.36,607.40,615.30,602.00,
46.903923,7.358010,7.358010,46.903923,0.00,610.06,609.62,609.51,607.56,615.80,605.00,
46.903907,7.358038,7.358038,46.903907,0.00,610.15,609.72,609.61,607.66,615.90,605.00,
46.903907,7.358038,7.358038,46.903907,1.00,611.19,611.14,609.75,607.80,615.90,605.00,
46.903907,7.358038,7.358038,46.903907,1.00,611.14,611.12,609.88,607.94,615.90,605.00,
46.903881,7.358114,7.358114,46.903881,1.00,611.17,611.14,610.11,608.18,616.60,607.00,
46.903881,7.358135,7.358135,46.903881,1.00,611.14,611.12,610.26,608.35,616.90,607.00,
46.903873,7.358159,7.358159,46.903873,1.00,611.19,611.14,610.60,608.69,616.90,608.00,
46.903873,7.358159,7.358159,46.903873,1.00,611.16,611.13,610.68,608.78,616.90,608.00,
46.903881,7.358221,7.358221,46.903881,1.00,611.14,611.12,610.88,609.01,617.20,608.00,
46.903881,7.358221,7.358221,46.903881,1.00,611.19,611.16,611.21,609.34,617.20,608.00,
46.903888,7.358297,7.358297,46.903888,1.00,611.13,611.10,611.46,609.60,617.60,610.00,
46.903888,7.358297,7.358297,46.903888,1.00,611.15,611.12,611.59,609.71,617.60,610.00,
46.903923,7.358372,7.358372,46.903923,1.00,611.18,611.16,611.74,609.87,617.90,610.00,
46.903923,7.358372,7.358372,46.903923,0.00,611.27,611.26,611.84,609.97,617.90,610.00,
83.019828,7.358370,7.358372,46.903923,0.00,611.58,611.61,612.15,610.32,617.90,610.00,
83.019882,7.358363,7.358465,46.903987,0.00,611.87,611.91,612.44,610.61,618.60,611.00,
159.156097,7.358357,7.358465,46.903987,0.00,612.18,612.23,612.74,610.92,618.60,611.00,
72.282707,7.358363,7.358465,46.903987,0.00,612.30,612.36,612.87,611.06,618.60,611.00,
57.641124,7.358364,7.358465,46.903987,0.00,612.65,612.69,613.21,611.43,618.60,611.00,
94.733139,7.358361,7.358465,46.903987,0.00,612.88,612.99,613.50,611.70,618.60,611.00,
101.565872,7.358361,7.358587,46.904117,0.00,613.40,613.45,613.96,612.16,619.90,612.00,
-45.826057,7.358372,7.358610,46.904151,0.00,613.45,613.48,614.02,612.19,620.40,612.00,
-180.528625,7.358382,7.358610,46.904151,0.00,613.66,613.67,614.22,612.38,620.40,612.00,
-301.565704,7.358391,7.358610,46.904151,0.00,613.96,613.96,614.52,612.67,620.40,612.00,
-357.203735,7.358396,7.358610,46.904151,0.00,614.14,614.15,614.70,612.86,620.40,612.00,
-325.968383,7.358393,7.358610,46.904151,0.00,614.58,614.58,615.15,613.31,620.40,612.00,
-325.968444,7.358386,7.358610,46.904151,0.00,614.88,614.90,615.46,613.62,620.40,612.00,
-325.968444,7.358385,7.358610,46.904151,0.00,615.18,615.24,615.78,613.95,620.40,612.00,
-325.968444,7.358386,7.358780,46.904312,0.00,615.47,615.51,616.04,614.22,621.70,613.00,
-325.968475,7.358383,7.358780,46.904312,0.00,615.68,615.73,616.25,614.44,621.70,613.00,
-325.968475,7.358382,7.358780,46.904312,0.00,615.98,616.03,616.55,614.74,621.70,613.00,
-325.968505,7.358377,7.358780,46.904312,0.00,616.22,616.28,616.79,614.99,621.70,613.00,
-325.968505,7.358377,7.358902,46.904396,0.00,616.52,616.59,617.08,615.30,622.80,613.00,
-325.968505,7.358376,7.358902,46.904396,0.00,616.85,616.93,617.41,615.64,622.80,613.00,
-325.968505,7.358372,7.358970,46.904426,0.00,617.22,617.32,617.85,616.09,623.20,614.00,
-325.968505,7.358374,7.359000,46.904441,0.00,617.50,617.61,618.07,616.32,623.40,614.00,
-325.968536,7.358366,7.359000,46.904441,0.00,617.72,617.84,618.29,616.55,623.40,614.00,
-325.968566,7.358359,7.359000,46.904441,0.00,618.14,618.27,618.70,616.98,623.40,614.00,
-325.968597,7.358354,7.359000,46.904441,0.00,618.56,618.69,619.13,617.40,623.40,614.00,
-325.968627,7.358350,7.359130,46.904506,0.00,618.94,619.06,619.52,617.79,623.60,615.00,
-325.968627,7.358346,7.359130,46.904506,0.00,619.20,619.33,619.77,618.04,623.60,615.00,
-325.968627,7.358343,7.359188,46.904541,0.00,619.46,619.62,620.03,618.35,624.00,615.00,
-325.968627,7.358336,7.359221,46.904556,0.00,619.75,619.90,620.33,618.63,624.00,616.00,
-325.968627,7.358329,7.359221,46.904556,0.00,620.05,620.22,620.62,618.92,624.00,616.00,
-325.968627,7.358326,7.359221,46.904556,0.00,620.28,620.48,620.85,619.19,624.00,616.00,
-325.968627,7.358319,7.359221,46.904556,0.00,620.42,620.62,620.98,619.32,624.00,616.00,
-325.968627,7.358323,7.359338,46.904605,0.00,620.56,620.77,621.13,619.48,625.40,617.00,
-325.968627,7.358321,7.359365,46.904621,0.00,620.93,621.14,621.49,619.85,626.00,617.00,
-325.968627,7.358319,7.359365,46.904621,0.00,621.17,621.39,621.73,620.10,626.00,617.00,
-325.968627,7.358317,7.359365,46.904621,0.00,621.49,621.73,622.05,620.46,626.00,617.00,
-325.968627,7.358319,7.359365,46.904621,0.00,621.90,622.13,622.46,620.84,626.00,617.00,
-325.968658,7.358311,7.359365,46.904621,0.00,622.12,622.36,622.68,621.06,626.00,617.00,
-325.968627,7.358313,7.359365,46.904621,0.00,622.24,622.46,622.80,621.17,626.00,617.00,
-325.968658,7.358308,7.359365,46.904621,0.00,622.41,622.63,622.97,621.34,626.00,617.00,
-325.968688,7.358304,7.359590,46.904735,0.00,622.58,622.81,623.14,621.52,628.40,-3691.00,
-325.968688,7.358296,7.359590,46.904735,0.00,622.81,623.06,623.38,621.76,628.40,-3691.00,
-325.968688,7.358292,7.359590,46.904735,0.00,622.91,623.15,623.47,621.86,628.40,-3691.00,
-325.968688,7.358285,7.359590,46.904735,0.00,623.09,623.37,623.66,622.07,628.40,-3691.00,
-325.968688,7.358280,7.359748,46.904792,0.00,623.24,623.52,623.81,622.23,64.00,-1374.00,
-325.968688,7.358277,7.359748,46.904792,0.00,623.36,623.65,623.93,622.35,64.00,-1374.00,
-325.968688,7.358275,7.359748,46.904792,0.00,623.57,623.86,624.13,622.57,64.00,-1374.00,
-325.968688,7.358274,7.359748,46.904792,0.00,623.81,624.11,624.38,622.82,64.00,-1374.00,
-325.968688,7.358274,7.359926,46.904800,0.00,624.04,624.36,624.61,623.07,624.00,1221.00,
-325.968688,7.358276,7.359971,46.904792,0.00,624.16,624.47,624.72,623.19,0.00,1875.00,
-325.968688,7.358278,7.359971,46.904792,0.00,624.33,624.67,624.93,623.39,0.00,1875.00,
-325.968688,7.358277,7.360048,46.904785,0.00,624.47,624.80,625.04,623.51,60.00,3002.00,
-325.968688,7.358273,7.360080,46.904777,0.00,624.47,624.80,625.04,623.51,0.00,3461.00,
-325.968688,7.358269,7.360112,46.904769,0.00,624.72,625.08,625.29,623.79,0.00,3927.00,
-325.968688,7.358268,7.360147,46.904762,0.00,624.92,625.29,625.49,624.00,0.00,4442.00,
-325.968688,7.358271,7.360147,46.904762,0.00,625.21,625.59,625.78,624.29,0.00,4442.00,
-325.968688,7.358269,7.360147,46.904762,0.00,625.36,625.71,625.92,624.44,0.00,4442.00,
-325.968688,7.358271,7.360147,46.904762,0.00,625.52,625.90,626.10,624.61,0.00,4442.00,
-325.968688,7.358271,7.360147,46.904762,0.00,625.73,626.10,626.29,624.81,0.00,4442.00,
-325.968688,7.358270,7.360147,46.904762,0.00,625.99,626.39,626.55,625.10,0.00,4442.00,
-325.968688,7.358268,7.360147,46.904762,0.00,626.15,626.56,626.71,625.27,0.00,4442.00,
-325.968688,7.358265,7.360388,46.904640,0.00,626.43,626.85,626.99,625.56,0.00,627.00,
-325.968688,7.358263,7.360388,46.904640,0.00,626.68,627.11,627.24,625.82,0.00,627.00,
-325.968688,7.358264,7.360388,46.904640,0.00,626.93,627.37,627.51,626.13,0.00,627.00,
-325.968688,7.358262,7.360493,46.904582,0.00,627.17,627.64,627.75,626.35,22.00,628.00,
-325.968688,7.358264,7.360525,46.904563,0.00,627.41,627.87,627.98,626.58,0.00,629.00,
-325.968688,7.358263,7.360525,46.904563,0.00,627.68,628.15,628.24,626.86,0.00,629.00,
-325.968688,7.358266,7.360525,46.904563,0.00,627.74,628.21,628.31,626.92,0.00,629.00,
-325.968688,7.358267,7.360525,46.904563,0.00,627.98,628.46,628.54,627.17,0.00,629.00,
-325.968688,7.358264,7.360525,46.904563,0.00,628.10,628.59,628.67,627.30,0.00,629.00,
-325.968688,7.358261,7.360525,46.904563,0.00,628.27,628.76,628.84,627.47,0.00,629.00,
-325.968688,7.358258,7.360525,46.904563,0.00,628.40,628.90,628.97,627.61,0.00,629.00,
-325.968688,7.358257,7.360525,46.904563,0.00,628.69,629.20,629.26,627.91,0.00,629.00,
-325.968688,7.358253,7.360738,46.904441,0.00,629.01,629.55,629.57,628.26,9909.00,631.00,
-325.968688,7.358253,7.360738,46.904441,0.00,629.17,629.72,629.73,628.42,9909.00,631.00,
-325.968688,7.358250,7.360738,46.904441,0.00,629.37,629.93,629.94,628.64,9909.00,631.00,
-325.968688,7.358251,7.360738,46.904441,0.00,629.56,630.12,630.12,628.83,9909.00,631.00,
-325.968688,7.358249,7.360738,46.904441,0.00,629.89,630.47,630.46,629.18,9909.00,631.00,
-325.968688,7.358248,7.360738,46.904441,0.00,630.19,630.78,630.76,629.49,9909.00,631.00,
-325.968688,7.358247,7.360738,46.904441,0.00,630.45,631.07,631.02,629.78,9909.00,631.00,
-325.968688,7.358249,7.360980,46.904361,0.00,630.70,631.33,631.26,630.03,1.00,634.00,
-325.968688,7.358251,7.360980,46.904361,0.00,630.91,631.55,631.48,630.26,1.00,634.00,
-325.968688,7.358248,7.361055,46.904354,0.00,631.05,631.72,631.66,630.45,0.00,634.00,
-325.968688,7.358247,7.361055,46.904354,0.00,631.38,632.06,631.97,630.76,0.00,634.00,
-325.968688,7.358245,7.361132,46.904331,0.00,631.58,632.25,632.15,630.95,211.00,635.00,
-325.968688,7.358242,7.361132,46.904331,0.00,631.65,632.32,632.22,631.02,211.00,635.00,
-325.968688,7.358239,7.361132,46.904331,0.00,631.81,632.49,632.38,631.19,211.00,635.00,
-325.968688,7.358236,7.361211,46.904331,0.00,632.03,632.71,632.60,631.42,11.00,636.00,
-325.968688,7.358235,7.361211,46.904331,0.00,632.34,633.03,632.91,631.79,11.00,636.00,
-325.968688,7.358234,7.361211,46.904331,0.00,632.52,633.22,633.13,631.98,11.00,636.00,
-325.968688,7.358238,7.361211,46.904331,0.00,632.78,633.46,633.35,632.17,11.00,636.00,
-325.968688,7.358239,7.361211,46.904331,0.00,632.91,633.62,633.47,632.33,11.00,636.00,
-325.968688,7.358239,7.361211,46.904331,0.00,633.19,633.90,633.76,632.60,11.00,636.00,
-325.968688,7.358237,7.361484,46.904304,0.00,633.25,633.95,633.82,632.66,1.00,637.00,
-325.968688,7.358235,7.361521,46.904304,0.00,633.30,634.03,633.87,632.73,0.00,637.00,
-325.968688,7.358237,7.361521,46.904304,0.00,633.54,634.27,634.10,632.98,0.00,637.00,
-325.968688,7.358237,7.361521,46.904304,0.00,633.85,634.60,634.41,633.32,0.00,637.00,
-325.968688,7.358237,7.361521,46.904304,0.00,634.03,634.80,634.63,633.51,0.00,637.00,
-325.968688,7.358235,7.361521,46.904304,0.00,634.39,635.13,634.95,633.84,0.00,637.00,
-325.968688,7.358236,7.361521,46.904304,0.00,634.69,635.43,635.26,634.14,0.00,637.00,
-325.968688,7.358238,7.361521,46.904304,0.00,634.88,635.62,635.45,634.33,0.00,637.00,
-325.968688,7.358236,7.361521,46.904304,0.00,635.00,635.75,635.57,634.46,0.00,637.00,
-325.968688,7.358234,7.361824,46.904281,0.00,635.26,636.00,635.83,634.70,0.00,9809.00,
-325.968688,7.358229,7.361824,46.904281,0.00,635.53,636.27,636.14,635.03,0.00,9809.00,
-325.968688,7.358226,7.361824,46.904281,0.00,635.67,636.40,636.24,635.10,0.00,9809.00,
-325.968688,7.358222,7.361824,46.904281,0.00,635.74,636.47,636.31,635.18,0.00,9809.00,
-325.968688,7.358226,7.361824,46.904281,0.00,636.10,636.84,636.66,635.55,0.00,9809.00,
-325.968688,7.358228,7.361824,46.904281,0.00,636.26,636.99,636.83,635.70,0.00,9809.00,
-325.968688,7.358227,7.361824,46.904281,0.00,636.54,637.28,637.11,635.99,0.00,9809.00,
-325.968688,7.358225,7.361824,46.904281,0.00,636.89,637.64,637.45,636.35,0.00,9809.00,
-325.968688,7.358224,7.361824,46.904281,0.00,637.02,637.75,637.58,636.45,0.00,9809.00,
-325.968688,7.358220,7.361824,46.904281,0.00,637.20,637.92,637.75,636.63,0.00,9809.00,
-325.968688,7.358214,7.361824,46.904281,0.00,637.58,638.34,638.15,637.04,0.00,9809.00,
-325.968688,7.358217,7.361824,46.904281,0.00,637.57,638.32,638.14,637.03,0.00,9809.00,
-325.968688,7.358213,7.361824,46.904281,0.00,637.91,638.66,638.48,637.36,0.00,9809.00,
-325.968688,7.358213,7.361824,46.904281,0.00,638.16,638.91,638.73,637.62,0.00,9809.00,
-325.968688,7.358211,7.361824,46.904281,0.00,638.38,639.14,638.95,637.85,0.00,9809.00,
-325.968688,7.358207,7.361824,46.904281,0.00,638.62,639.39,639.19,638.08,0.00,9809.00,
-325.968688,7.358204,7.361824,46.904281,0.00,639.03,639.80,639.61,638.51,0.00,9809.00,
-325.968688,7.358204,7.361824,46.904281,0.00,639.25,640.02,639.82,638.73,0.00,9809.00,
-325.968688,7.358206,7.361824,46.904281,0.00,639.42,640.20,639.99,638.91,0.00,9809.00,
-325.968688,7.358205,7.361824,46.904281,0.00,639.66,640.45,640.23,639.15,0.00,9809.00,
-325.968688,7.358205,7.361824,46.904281,0.00,639.94,640.74,640.50,639.44,0.00,9809.00,
-325.968688,7.358206,7.361824,46.904281,0.00,640.15,640.96,640.72,639.68,0.00,9809.00,
-325.968688,7.358205,7.361824,46.904281,0.00,640.53,641.35,641.09,640.05,0.00,9809.00,
-325.968688,7.358200,7.361824,46.904281,0.00,640.82,641.63,641.38,640.38,0.00,9809.00,
-325.968688,7.358199,7.361824,46.904281,0.00,640.93,641.74,641.50,640.45,0.00,9809.00,
-325.968688,7.358197,7.361824,46.904281,0.00,641.16,641.98,641.73,640.69,0.00,9809.00,
-325.968688,7.358193,7.361824,46.904281,0.00,641.33,642.18,641.90,640.89,0.00,9809.00,
-325.968688,7.358191,7.361824,46.904281,0.00,641.79,642.63,642.36,641.34,0.00,9809.00,
-325.968688,7.358191,7.361824,46.904281,0.00,642.02,642.87,642.59,641.58,0.00,9809.00,
-325.968688,7.358191,7.361824,46.904281,0.00,642.24,643.11,642.81,641.83,0.00,9809.00,
-325.968688,7.358188,7.361824,46.904281,0.00,642.44,643.27,643.01,641.97,0.00,9809.00,
-325.968688,7.358188,7.361824,46.904281,0.00,642.69,643.54,643.27,642.25,0.00,9809.00,
-325.968688,7.358185,7.361824,46.904281,0.00,642.87,643.71,643.43,642.41,0.00,9809.00,
-325.968688,7.358184,7.361824,46.904281,0.00,643.05,643.90,643.62,642.61,0.00,9809.00,
-325.968688,7.358184,7.361824,46.904281,0.00,643.15,644.00,643.71,642.70,0.00,9809.00,
-325.968688,7.358184,7.361824,46.904281,0.00,643.48,644.31,644.04,643.02,0.00,9809.00,
-325.968688,7.358183,7.361824,46.904281,0.00,643.80,644.63,644.36,643.35,0.00,9809.00,
-325.968688,7.358184,7.361824,46.904281,0.00,643.95,644.78,644.51,643.49,0.00,9809.00,
-325.968688,7.358182,7.361824,46.904281,0.00,644.10,644.97,644.67,643.67,0.00,9809.00,
-325.968688,7.358183,7.361824,46.904281,0.00,644.25,645.09,644.81,643.80,0.00,9809.00,
-325.968688,7.358181,7.361824,46.904281,0.00,644.48,645.33,645.04,644.04,0.00,9809.00,
-325.968688,7.358178,7.361824,46.904281,0.00,644.61,645.44,645.18,644.15,0.00,9809.00,
-325.968688,7.358180,7.361824,46.904281,0.00,644.73,645.55,645.30,644.26,0.00,9809.00,
-325.968688,7.358180,7.361824,46.904281,0.00,644.88,645.72,645.44,644.43,0.00,9809.00,
-325.968688,7.358181,7.361824,46.904281,0.00,645.02,645.87,645.59,644.58,0.00,9809.00,
-325.968688,7.358179,7.361824,46.904281,0.00,645.03,645.88,645.60,644.59,0.00,9809.00,
-325.968688,7.358179,7.361824,46.904281,0.00,645.12,645.97,645.69,644.68,0.00,9809.00,
-325.968688,7.358177,7.361824,46.904281,0.00,645.32,646.18,645.88,644.89,0.00,9809.00,
-325.968688,7.358175,7.361824,46.904281,0.00,645.46,646.33,646.03,645.04,0.00,9809.00,
-325.968688,7.358175,7.361824,46.904281,0.00,645.56,646.43,646.13,645.14,0.00,9809.00,
-325.968688,7.358174,7.361824,46.904281,0.00,645.71,646.59,646.27,645.31,0.00,9809.00,
-325.968688,7.358174,7.361824,46.904281,0.00,645.93,646.79,646.49,645.50,0.00,9809.00,
-325.968688,7.358173,7.361824,46.904281,0.00,646.11,646.98,646.67,645.68,0.00,9809.00,
-325.968688,7.358173,7.361824,46.904281,0.00,646.27,647.14,646.83,645.85,0.00,9809.00,
-325.968688,7.358173,7.361824,46.904281,0.00,646.38,647.28,646.94,645.99,0.00,9809.00,
-325.968688,7.358171,7.361824,46.904281,0.00,646.46,647.34,647.02,646.05,0.00,9809.00,
-325.968688,7.358168,7.361824,46.904281,0.00,646.69,647.58,647.27,646.30,0.00,9809.00,
-325.968688,7.358170,7.361824,46.904281,0.00,646.88,647.78,647.45,646.49,0.00,9809.00,
-325.968688,7.358170,7.361824,46.904281,0.00,647.12,648.03,647.69,646.73,0.00,9809.00,
-325.968688,7.358170,7.361824,46.904281,0.00,647.26,648.17,647.83,646.88,0.00,9809.00,
-325.968688,7.358171,7.361824,46.904281,0.00,647.62,648.53,648.19,647.24,0.00,9809.00,
-325.968688,7.358170,7.361824,46.904281,0.00,647.92,648.84,648.49,647.54,0.00,9809.00,
-325.968688,7.358168,7.361824,46.904281,0.00,648.01,648.93,648.57,647.63,0.00,9809.00,
-325.968688,7.358167,7.361824,46.904281,0.00,648.15,649.08,648.72,647.79,0.00,9809.00,
-325.968688,7.358169,7.361824,46.904281,0.00,648.39,649.32,648.96,648.03,0.00,9809.00,
-325.968688,7.358169,7.361824,46.904281,0.00,648.67,649.59,649.23,648.29,0.00,9809.00,
-325.968688,7.358170,7.361824,46.904281,0.00,648.73,649.65,649.29,648.35,0.00,9809.00,
-325.968688,7.358169,7.361824,46.904281,0.00,648.94,649.87,649.51,648.58,0.00,9809.00,
-325.968688,7.358170,7.361824,46.904281,0.00,649.25,650.20,649.82,648.94,0.00,9809.00,
-325.968688,7.358167,7.361824,46.904281,0.00,649.56,650.51,650.13,649.22,0.00,9809.00,
-325.968688,7.358168,7.361824,46.904281,0.00,649.79,650.75,650.35,649.45,0.00,9809.00,
-325.968688,7.358169,7.361824,46.904281,0.00,650.16,651.11,650.73,649.82,0.00,9809.00,
-325.968688,7.358168,7.361824,46.904281,0.00,650.39,651.35,650.96,650.06,0.00,9809.00,
-325.968688,7.358167,7.361824,46.904281,0.00,650.67,651.64,651.23,650.35,0.00,9809.00,
-325.968688,7.358164,7.361824,46.904281,0.00,651.00,651.96,651.56,650.67,0.00,9809.00,
-325.968688,7.358163,7.361824,46.904281,0.00,651.23,652.20,651.80,650.91,0.00,9809.00,
-325.968688,7.358164,7.361824,46.904281,0.00,651.45,652.40,652.01,651.11,0.00,9809.00,
-325.968688,7.358164,7.361824,46.904281,0.00,651.61,652.57,652.18,651.28,0.00,9809.00,
-325.968688,7.358162,7.361824,46.904281,0.00,651.80,652.76,652.38,651.49,0.00,9809.00,
-325.968688,7.358162,7.361824,46.904281,0.00,652.10,653.07,652.68,651.78,0.00,9809.00,
-325.968688,7.358164,7.361824,46.904281,0.00,652.29,653.25,652.85,651.96,0.00,9809.00,
-325.968688,7.358163,7.361824,46.904281,0.00,652.53,653.48,653.09,652.18,0.00,9809.00,
-325.968688,7.358160,7.361824,46.904281,0.00,652.66,653.61,653.23,652.32,0.00,9809.00,
-325.968688,7.358157,7.361824,46.904281,0.00,652.85,653.84,653.42,652.54,0.00,9809.00,
-325.968688,7.358160,7.361824,46.904281,0.00,653.15,654.15,653.72,652.86,0.00,9809.00,
-325.968688,7.358160,7.361824,46.904281,0.00,653.49,654.48,654.07,653.20,0.00,9809.00,
-325.968688,7.358158,7.361824,46.904281,0.00,653.55,654.51,654.11,653.22,0.00,9809.00,
-325.968688,7.358160,7.361824,46.904281,0.00,653.88,654.85,654.44,653.56,0.00,9809.00,
-325.968688,7.358158,7.361824,46.904281,0.00,654.17,655.13,654.74,653.84,0.00,9809.00,
-325.968688,7.358151,7.361824,46.904281,0.00,654.36,655.30,654.92,654.01,0.00,9809.00,
-325.968688,7.358150,7.361824,46.904281,0.00,654.61,655.56,655.17,654.27,0.00,9809.00,
-325.968688,7.358147,7.361824,46.904281,0.00,654.85,655.83,655.45,654.54,0.00,9809.00,
-325.968688,7.358148,7.361824,46.904281,0.00,655.06,656.02,655.66,654.73,0.00,9809.00,
-325.968688,7.358146,7.361824,46.904281,0.00,655.35,656.26,655.91,654.97,0.00,9809.00,
-325.968688,7.358144,7.361824,46.904281,0.00,655.47,656.37,656.04,655.08,0.00,9809.00,
-325.968688,7.358142,7.361824,46.904281,0.00,655.74,656.62,656.30,655.33,0.00,9809.00,
-325.968688,7.358142,7.361824,46.904281,0.00,656.05,656.90,656.62,655.61,0.00,9809.00,
-325.968688,7.358143,7.361824,46.904281,0.00,656.20,657.03,656.77,655.74,0.00,9809.00,
-325.968688,7.358141,7.361824,46.904281,0.00,656.56,657.37,657.14,656.10,0.00,9809.00,
-325.968688,7.358138,7.361824,46.904281,0.00,656.83,657.64,657.40,656.34,0.00,9809.00,
-325.968688,7.358139,7.361824,46.904281,0.00,657.07,657.86,657.64,656.57,0.00,9809.00,
-325.968688,7.358141,7.361824,46.904281,0.00,657.26,658.03,657.82,656.74,0.00,9809.00,
-325.968688,7.358141,7.361824,46.904281,0.00,657.55,658.34,658.12,657.04,0.00,9809.00,
-325.968688,7.358138,7.361824,46.904281,0.00,657.88,658.71,658.48,657.42,0.00,9809.00,
-325.968688,7.358136,7.361824,46.904281,0.00,658.06,658.86,658.63,657.57,0.00,9809.00,
-325.968688,7.358135,7.361824,46.904281,0.00,658.34,659.13,658.91,657.85,0.00,9809.00,
-325.968688,7.358132,7.361824,46.904281,0.00,658.52,659.32,659.12,658.06,0.00,9809.00,
-325.968688,7.358131,7.361824,46.904281,0.00,658.91,659.70,659.48,658.41,0.00,9809.00,
-325.968688,7.358130,7.361824,46.904281,0.00,659.10,659.89,659.67,658.60,0.00,9809.00,
-325.968688,7.358129,7.361824,46.904281,0.00,659.25,660.05,659.82,658.76,0.00,9809.00,
-325.968688,7.358129,7.361824,46.904281,0.00,659.50,660.29,660.07,659.00,0.00,9809.00,
-325.968688,7.358128,7.361824,46.904281,0.00,659.79,660.54,660.36,659.25,0.00,9809.00,
-325.968688,7.358124,7.361824,46.904281,0.00,659.94,660.70,660.51,659.39,0.00,9809.00,
-325.968688,7.358125,7.361824,46.904281,0.00,660.21,660.98,660.78,659.68,0.00,9809.00,
-325.968688,7.358127,7.361824,46.904281,0.00,660.50,661.27,661.06,659.98,0.00,9809.00,
-325.968688,7.358127,7.361824,46.904281,0.00,660.60,661.36,661.17,660.07,0.00,9809.00,
-325.968688,7.358125,7.361824,46.904281,0.00,660.89,661.65,661.45,660.36,0.00,9809.00,
-325.968688,7.358123,7.361824,46.904281,0.00,661.13,661.91,661.70,660.62,0.00,9809.00,
-325.968688,7.358119,7.361824,46.904281,0.00,661.48,662.26,662.04,660.97,0.00,9809.00,
-325.968688,7.358121,7.361824,46.904281,0.00,661.83,662.64,662.40,661.39,0.00,9809.00,
-325.968688,7.358121,7.361824,46.904281,0.00,662.08,662.86,662.66,661.57,0.00,9809.00,
-325.968688,7.358120,7.361824,46.904281,0.00,662.38,663.15,662.94,661.86,0.00,9809.00,
-325.968688,7.358121,7.361824,46.904281,0.00,662.68,663.46,663.25,662.17,0.00,9809.00,
-325.968688,7.358123,7.361824,46.904281,0.00,662.93,663.73,663.50,662.43,0.00,9809.00,
-325.968688,7.358121,7.361824,46.904281,0.00,663.13,663.91,663.70,662.62,0.00,9809.00,
-325.968688,7.358120,7.361824,46.904281,0.00,663.49,664.25,664.05,663.01,0.00,9809.00,
-325.968688,7.358120,7.361824,46.904281,0.00,663.84,664.62,664.40,663.32,0.00,9809.00,
-325.968688,7.358117,7.361824,46.904281,0.00,663.96,664.76,664.54,663.47,0.00,9809.00,
-325.968688,7.358114,7.361824,46.904281,0.00,664.14,664.94,664.71,663.65,0.00,9809.00,
-325.968688,7.358114,7.361824,46.904281,0.00,664.36,665.16,664.92,663.86,0.00,9809.00,
-325.968688,7.358111,7.361824,46.904281,0.00,664.73,665.52,665.30,664.23,0.00,9809.00,
-325.968688,7.358109,7.361824,46.904281,0.00,665.11,665.91,665.67,664.62,0.00,9809.00,
-325.968688,7.358107,7.361824,46.904281,0.00,665.26,666.05,665.83,664.76,0.00,9809.00,
-325.968688,7.358107,7.361824,46.904281,0.00,665.43,666.24,665.99,664.97,0.00,9809.00,
-325.968688,7.358106,7.361824,46.904281,0.00,665.80,666.63,666.37,665.34,0.00,9809.00,
-325.968688,7.358105,7.361824,46.904281,0.00,665.99,666.83,666.56,665.54,0.00,9809.00,
-325.968688,7.358105,7.361824,46.904281,0.00,666.21,667.03,666.77,665.74,0.00,9809.00,
-325.968688,7.358101,7.361824,46.904281,0.00,666.42,667.25,666.98,665.95,0.00,9809.00,
-325.968688,7.358101,7.361824,46.904281,0.00,666.59,667.42,667.15,666.13,0.00,9809.00,
-325.968688,7.358098,7.361824,46.904281,0.00,666.74,667.58,667.30,666.29,0.00,9809.00,
-325.968688,7.358100,7.361824,46.904281,0.00,667.09,667.94,667.67,666.68,0.00,9809.00,
-325.968688,7.358104,7.361824,46.904281,0.00,667.39,668.24,667.96,666.95,0.00,9809.00,
-325.968688,7.358103,7.361824,46.904281,0.00,667.55,668.38,668.12,667.09,0.00,9809.00,
-325.968688,7.358099,7.361824,46.904281,0.00,667.71,668.52,668.28,667.23,0.00,9809.00,
-325.968688,7.358099,7.361824,46.904281,0.00,667.77,668.60,668.34,667.31,0.00,9809.00,
-325.968688,7.358098,7.361824,46.904281,0.00,668.05,668.89,668.62,667.60,0.00,9809.00,
-325.968688,7.358096,7.361824,46.904281,0.00,668.17,668.99,668.74,667.70,0.00,9809.00,
-325.968688,7.358095,7.361824,46.904281,0.00,668.37,669.20,668.93,667.94,0.00,9809.00,
-325.968688,7.358091,7.361824,46.904281,0.00,668.39,669.22,668.96,667.93,0.00,9809.00,
-325.968688,7.358093,7.361824,46.904281,0.00,668.38,669.19,668.95,667.90,0.00,9809.00,
-325.968688,7.358094,7.361824,46.904281,0.00,668.57,669.39,669.14,668.10,0.00,9809.00,
-325.968688,7.358096,7.361824,46.904281,0.00,668.57,669.40,669.13,668.11,0.00,9809.00,
-325.968688,7.358095,7.361824,46.904281,0.00,668.79,669.63,669.35,668.34,0.00,9809.00,
-325.968688,7.358092,7.361824,46.904281,0.00,668.91,669.76,669.47,668.47,0.00,9809.00,
-325.968688,7.358091,7.361824,46.904281,0.00,669.09,669.92,669.65,668.63,0.00,9809.00,
-325.968688,7.358089,7.361824,46.904281,0.00,669.29,670.14,669.86,668.84,0.00,9809.00,
-325.968688,7.358088,7.361824,46.904281,0.00,669.29,670.14,669.86,668.84,0.00,9809.00,
-325.968688,7.358082,7.361824,46.904281,0.00,669.42,670.26,669.98,668.97,0.00,9809.00,
-325.968688,7.358081,7.361824,46.904281,0.00,669.67,670.52,670.23,669.23,0.00,9809.00,
-325.968688,7.358080,7.361824,46.904281,0.00,669.71,670.54,670.28,669.25,0.00,9809.00,
-325.968688,7.358077,7.361824,46.904281,0.00,669.49,670.31,670.05,669.02,0.00,9809.00,
-325.968688,7.358075,7.361824,46.904281,0.00,669.17,669.96,669.74,668.67,0.00,9809.00,
-325.968688,7.358074,7.361824,46.904281,0.00,668.96,669.74,669.53,668.45,0.00,9809.00,
-325.968688,7.358073,7.361824,46.904281,0.00,669.01,669.79,669.57,668.50,0.00,9809.00,
-325.968688,7.358072,7.361824,46.904281,0.00,669.01,669.79,669.57,668.50,0.00,9809.00,
-325.968688,7.358070,7.361824,46.904281,0.00,668.72,669.47,669.29,668.18,0.00,9809.00,
-325.968688,7.358066,7.361824,46.904281,0.00,668.53,669.27,669.09,667.98,0.00,9809.00,
-325.968688,7.358069,7.361824,46.904281,0.00,668.19,668.89,668.76,667.60,0.00,9809.00,
-325.968688,7.358070,7.361824,46.904281,0.00,668.05,668.75,668.62,667.48,0.00,9809.00,
-325.968688,7.358066,7.361824,46.904281,0.00,667.79,668.50,668.38,667.21,0.00,9809.00,
-325.968688,7.358065,7.361824,46.904281,0.00,667.73,668.42,668.30,667.13,0.00,9809.00,
-325.968688,7.358063,7.361824,46.904281,0.00,667.50,668.18,668.07,666.89,0.00,9809.00,
-325.968688,7.358065,7.361824,46.904281,0.00,667.10,667.74,667.67,666.45,0.00,9809.00,
-325.968688,7.358067,7.361824,46.904281,0.00,666.40,667.01,666.97,665.72,0.00,9809.00,
-325.968688,7.358060,7.361824,46.904281,0.00,665.84,666.43,666.41,665.14,0.00,9809.00,
-325.968688,7.358062,7.361824,46.904281,0.00,665.34,665.89,665.91,664.60,0.00,9809.00,
-325.968688,7.358062,7.361824,46.904281,0.00,664.81,665.34,665.38,664.05,0.00,9809.00,
-325.968688,7.358068,7.361824,46.904281,0.00,664.58,665.07,665.18,663.82,0.00,9809.00,
-325.968688,7.358067,7.361824,46.904281,0.00,664.33,664.79,664.89,663.50,0.00,9809.00,
-325.968688,7.358073,7.361824,46.904281,0.00,663.09,663.51,663.66,662.22,0.00,9809.00,
-325.968688,7.358076,7.361824,46.904281,0.00,662.51,662.88,663.07,661.59,0.00,9809.00,
-325.968688,7.358073,7.361824,46.904281,0.00,662.16,662.52,662.73,661.23,0.00,9809.00,
-325.968688,7.358070,7.361824,46.904281,0.00,661.64,661.96,662.21,660.67,0.00,9809.00,
-325.968688,7.358068,7.361824,46.904281,0.00,660.60,660.88,661.17,659.59,0.00,9809.00,
-325.968688,7.358070,7.361824,46.904281,0.00,660.18,660.42,660.72,659.10,0.00,9809.00,
-325.968688,7.358069,7.361824,46.904281,0.00,659.70,659.88,660.25,658.59,0.00,9809.00,
-325.968688,7.358074,7.361824,46.904281,0.00,659.29,659.44,659.85,658.15,0.00,9809.00,
-325.968688,7.358076,7.361824,46.904281,0.00,658.81,658.95,659.38,657.66,0.00,9809.00,
-325.968688,7.358075,7.361824,46.904281,0.00,658.50,658.60,659.06,657.31,0.00,9809.00,
-325.968688,7.358074,7.361824,46.904281,0.00,657.90,657.98,658.47,656.69,0.00,9809.00,
-325.968688,7.358079,7.361824,46.904281,0.00,657.04,657.07,657.61,655.78,0.00,9809.00,
-325.968688,7.358080,7.361824,46.904281,0.00,656.69,656.68,657.26,655.39,0.00,9809.00,
-325.968688,7.358084,7.361824,46.904281,0.00,655.66,655.61,656.23,654.32,0.00,9809.00,
-325.968688,7.358083,7.361824,46.904281,0.00,655.24,655.15,655.81,653.86,0.00,9809.00,
-325.968688,7.358091,7.361824,46.904281,0.00,654.27,654.12,654.83,652.83,0.00,9809.00,
-325.968688,7.358093,7.361824,46.904281,0.00,653.66,653.49,654.23,652.20,0.00,9809.00,
-325.968688,7.358088,7.361824,46.904281,0.00,652.70,652.45,653.24,651.16,0.00,9809.00,
-325.968688,7.358097,7.361824,46.904281,0.00,651.96,651.71,652.50,650.42,0.00,9809.00,
-325.968688,7.358095,7.361824,46.904281,0.00,651.49,651.19,652.09,649.94,0.00,9809.00,
-325.968688,7.358097,7.361824,46.904281,0.00,650.70,650.38,651.27,649.09,0.00,9809.00,
-325.968688,7.358096,7.361824,46.904281,0.00,650.08,649.71,650.65,648.42,0.00,9809.00,
-325.968688,7.358096,7.361824,46.904281,0.00,649.19,648.79,649.76,647.50,0.00,9809.00,
-325.968688,7.358104,7.361824,46.904281,0.00,648.07,647.63,648.64,646.34,0.00,9809.00,
-325.968688,7.358098,7.361824,46.904281,0.00,647.70,647.20,648.27,645.91,0.00,9809.00,
-325.968688,7.358107,7.361824,46.904281,0.00,647.52,647.01,648.08,645.72,0.00,9809.00,
-325.968688,7.358114,7.361824,46.904281,0.00,647.23,646.71,647.79,645.42,0.00,9809.00,
-325.968688,7.358116,7.361824,46.904281,0.00,646.57,646.02,647.09,644.69,0.00,9809.00,
-325.968688,7.358106,7.361824,46.904281,0.00,646.02,645.43,646.58,644.14,0.00,9809.00,
-325.968688,7.358111,7.361824,46.904281,0.00,645.73,645.11,646.30,643.83,0.00,9809.00,
-325.968688,7.358113,7.361824,46.904281,0.00,645.10,644.46,645.67,643.17,0.00,9809.00,
-325.968688,7.358115,7.361824,46.904281,0.00,644.42,643.76,644.99,642.47,0.00,9809.00,
-325.968688,7.358116,7.363533,46.904491,0.00,643.90,643.19,644.46,641.90,654.20,646.00,
-325.968688,7.358120,7.363533,46.904491,0.00,643.02,642.28,643.59,641.00,654.20,646.00,
-325.968688,7.358122,7.363340,46.904483,0.00,642.92,642.18,643.48,640.89,653.40,645.00,
-325.968688,7.358118,7.363340,46.904483,0.00,642.49,641.73,643.06,640.45,653.40,645.00,
-325.968688,7.358118,7.363340,46.904483,0.00,642.01,641.23,642.58,639.95,653.40,645.00,
-325.968688,7.358115,7.363340,46.904483,0.00,641.40,640.60,641.96,639.31,653.40,645.00,
-325.968688,7.358115,7.363340,46.904483,0.00,640.99,640.16,641.56,638.87,653.40,645.00,
-325.968688,7.358113,7.363340,46.904483,0.00,640.46,639.61,641.03,638.32,653.40,645.00,
-325.968688,7.358110,7.363340,46.904483,0.00,639.61,638.72,640.17,637.43,653.40,645.00,
-325.968688,7.358109,7.363340,46.904483,0.00,638.85,637.91,639.41,636.63,653.40,645.00,
-325.968688,7.358110,7.363340,46.904483,0.00,638.39,637.42,638.96,636.13,653.40,645.00,
-325.968688,7.358114,7.363340,46.904483,0.00,637.95,636.96,638.51,635.67,653.40,645.00,
-325.968688,7.358113,7.362313,46.904396,0.00,637.30,636.29,637.86,635.00,647.00,3287.00,
-325.968688,7.358112,7.362313,46.904396,0.00,636.84,635.81,637.40,634.49,647.00,3287.00,
-325.968688,7.358110,7.362313,46.904396,0.00,636.13,635.08,636.69,633.79,647.00,3287.00,
-325.968688,7.358106,7.362313,46.904396,0.00,635.22,634.13,635.78,632.84,647.00,3287.00,
-325.968688,7.358103,7.362313,46.904396,0.00,634.36,633.25,634.93,631.96,647.00,3287.00,
-325.968688,7.358102,7.362313,46.904396,0.00,633.89,632.76,634.46,631.47,647.00,3287.00,
-325.968688,7.358102,7.361664,46.904354,0.00,633.49,632.32,634.05,631.03,643.10,638.00,
-325.968688,7.358094,7.361664,46.904354,0.00,632.89,631.70,633.45,630.41,643.10,638.00,
-325.968688,7.358099,7.361664,46.904354,0.00,632.38,631.15,632.94,629.84,643.10,638.00,
-325.968688,7.358099,7.361664,46.904354,0.00,631.48,630.18,632.01,628.89,643.10,638.00,
-325.968688,7.358099,7.361664,46.904354,0.00,630.51,629.22,631.08,627.93,643.10,638.00,
-325.968658,7.358094,7.361664,46.904354,0.00,629.69,628.37,630.26,627.08,643.10,638.00,
-325.968627,7.358085,7.361664,46.904354,0.00,629.24,627.88,629.81,626.59,643.10,638.00,
-325.968597,7.358081,7.361664,46.904354,0.00,628.58,627.20,629.14,625.90,643.10,638.00,
-325.968658,7.358088,7.361664,46.904354,0.00,627.96,626.53,628.53,625.24,643.10,638.00,
-325.968383,7.358059,7.361664,46.904354,0.00,627.34,625.89,627.91,624.60,643.10,638.00,
-325.968414,7.358067,7.361664,46.904354,0.00,626.94,625.40,627.45,624.11,643.10,638.00,
-325.968200,7.358052,7.361664,46.904354,0.00,626.41,624.91,626.98,623.62,643.10,638.00,
-325.968231,7.358057,7.361664,46.904354,0.00,625.89,624.35,626.46,623.06,643.10,638.00,
-325.968231,7.358052,7.361664,46.904354,0.00,625.52,623.97,626.09,622.65,643.10,638.00,
-325.968231,7.358051,7.361664,46.904354,0.00,625.15,623.56,625.72,622.27,643.10,638.00,
-325.968231,7.358055,7.361664,46.904354,0.00,625.14,623.52,625.70,622.27,643.10,638.00,
-325.968231,7.358051,7.361664,46.904354,0.00,624.95,623.33,625.48,622.01,643.10,638.00,
-325.968200,7.358049,7.361664,46.904354,0.00,624.68,623.04,625.24,621.76,643.10,638.00,
-325.968200,7.358049,7.360015,46.904827,0.00,624.33,622.66,624.90,621.38,633.60,2515.00,
-325.968200,7.358053,7.360015,46.904827,0.00,623.72,622.03,624.28,620.70,633.60,2515.00,
-325.968200,7.358053,7.360015,46.904827,0.00,623.80,622.09,624.36,620.80,633.60,2515.00,
-325.968200,7.358050,7.359769,46.904834,0.00,623.63,621.90,624.20,620.61,633.30,-1074.00,
-325.968200,7.358049,7.359769,46.904834,0.00,622.90,621.14,623.47,619.85,633.30,-1074.00,
-325.968200,7.358051,7.359769,46.904834,0.00,622.16,620.39,622.70,619.09,633.30,-1074.00,
-325.968200,7.358051,7.359769,46.904834,0.00,621.77,619.99,622.33,618.70,633.30,-1074.00,
-325.968200,7.358052,7.359769,46.904834,0.00,621.19,619.42,621.76,618.13,633.30,-1074.00,
-325.968200,7.358051,7.359438,46.904712,0.00,620.66,618.84,621.22,617.55,633.20,617.00,
-325.968200,7.358053,7.359438,46.904712,0.00,619.98,618.12,620.55,616.84,633.20,617.00,
-325.968200,7.358056,7.359438,46.904712,0.00,619.38,617.48,619.95,616.19,633.20,617.00,
-325.968200,7.358054,7.359438,46.904712,0.00,619.05,617.13,619.61,615.85,633.20,617.00,
-325.968200,7.358054,7.359438,46.904712,0.00,618.18,616.23,618.74,614.95,633.20,617.00,
-325.968200,7.358055,7.359438,46.904712,0.00,617.73,615.74,618.28,614.45,633.20,617.00,
-325.968200,7.358054,7.359108,46.904548,0.00,617.22,615.23,617.79,613.94,629.50,614.00,
-325.968200,7.358055,7.359108,46.904548,0.00,616.83,614.82,617.40,613.53,629.50,614.00,
-325.968200,7.358053,7.359108,46.904548,0.00,616.69,614.68,617.26,613.39,629.50,614.00,
-325.968200,7.358049,7.358928,46.904460,0.00,616.24,614.21,616.81,612.93,627.90,613.00,
-325.968200,7.358052,7.358869,46.904426,0.00,615.49,613.41,616.05,612.12,627.30,612.00,
-325.968200,7.358054,7.358811,46.904396,0.00,614.97,612.87,615.53,611.58,626.60,612.00,
-325.968200,7.358052,7.358757,46.904354,0.00,614.46,612.34,615.02,611.06,626.10,612.00,
-325.968200,7.358049,7.358704,46.904312,0.00,614.25,612.13,614.82,610.85,625.70,612.00,
-325.968200,7.358052,7.358704,46.904312,0.00,613.70,611.56,614.26,610.27,625.70,612.00,
-325.968200,7.358050,7.358704,46.904312,0.00,613.09,610.94,613.66,609.65,625.70,612.00,
-325.968200,7.358052,7.358561,46.904167,0.00,612.46,610.28,613.03,608.99,624.10,611.00,
-325.968200,7.358052,7.358561,46.904167,0.00,611.91,609.71,612.47,608.42,624.10,611.00,
-325.968200,7.358052,7.358483,46.904075,0.00,611.49,609.26,612.05,607.97,623.40,611.00,
-325.968200,7.358048,7.358483,46.904075,0.00,611.06,608.82,611.63,607.53,623.40,611.00,
-325.968200,7.358047,7.358483,46.904075,0.00,610.79,608.53,611.35,607.24,623.40,611.00,
-325.968200,7.358050,7.358483,46.904075,0.00,610.48,608.24,611.05,606.95,623.40,611.00,
-325.968200,7.358050,7.358350,46.903930,0.00,610.21,607.96,610.78,606.67,621.30,610.00,
-325.968200,7.358050,7.358303,46.903915,0.00,610.05,607.78,610.60,606.49,621.10,609.00,
-325.968200,7.358051,7.358303,46.903915,0.00,609.64,607.39,610.21,606.10,621.10,609.00,
-325.968200,7.358053,7.358303,46.903915,0.00,609.28,607.02,609.85,605.73,621.10,609.00,
-325.968200,7.358052,7.358303,46.903915,0.00,609.04,606.77,609.61,605.49,621.10,609.00,
-382.582336,7.358048,7.358142,46.903915,0.00,608.82,606.56,609.41,605.28,619.40,607.00,
-382.582397,7.358045,7.358142,46.903915,0.00,608.90,606.61,609.47,605.32,619.40,607.00,
-387.462921,7.358045,7.358142,46.903915,0.00,608.96,606.67,609.54,605.39,619.40,607.00,
-358.179748,7.358047,7.358142,46.903915,0.00,608.93,606.67,609.51,605.38,619.40,607.00,
-358.179748,7.358051,7.358093,46.903953,0.00,608.90,606.64,609.46,605.35,619.00,606.00,
-358.179748,7.358046,7.358093,46.903953,0.00,609.11,606.84,609.67,605.55,618.90,606.00,
-358.179779,7.358043,7.358093,46.903953,0.00,608.79,606.51,609.36,605.21,618.90,606.00,
-358.179779,7.358042,7.358093,46.903953,0.00,608.39,606.09,608.95,604.81,618.90,606.00,
-358.179809,7.358040,7.358041,46.903987,0.00,607.96,605.66,608.53,604.37,618.50,605.00,
-358.179809,7.358039,7.358013,46.904018,0.00,607.80,605.47,608.39,604.23,618.10,604.00,
-358.179809,7.358040,7.358013,46.904018,0.00,607.50,605.16,608.07,603.87,618.10,604.00,
-358.179809,7.358029,7.358013,46.904018,0.00,607.34,604.99,607.91,603.70,618.10,604.00,
-358.179809,7.358031,7.358013,46.904018,0.00,606.83,604.46,607.40,603.14,618.10,604.00,
-358.179809,7.358029,7.358013,46.904018,0.00,606.43,604.05,607.00,602.77,618.10,604.00,
-358.179809,7.358027,7.358013,46.904018,0.00,605.91,603.53,606.47,602.23,618.10,604.00,
-358.179809,7.358035,7.358013,46.904018,0.00,605.51,603.12,606.01,601.77,618.10,604.00,
-358.179779,7.358020,7.358070,46.904361,0.00,604.67,602.26,605.24,600.97,614.60,602.00,
-358.179748,7.358010,7.358070,46.904361,0.00,604.22,601.77,604.79,600.48,614.60,602.00,
-358.179748,7.358002,7.358070,46.904361,0.00,603.73,601.23,604.29,599.95,614.60,602.00,
-358.179748,7.358007,7.358140,46.904556,0.00,603.08,600.57,603.65,599.28,613.10,602.00,
-358.179779,7.358024,7.358140,46.904556,0.00,602.56,600.03,603.13,598.73,613.10,602.00,
-358.179779,7.358030,7.358184,46.904705,0.00,601.80,599.22,602.36,597.93,611.60,603.00,
-358.179748,7.358021,7.358208,46.904785,0.00,601.08,598.48,601.65,597.20,610.90,603.00,
-358.179748,7.358013,7.358235,46.904865,0.00,600.25,597.62,600.82,596.34,609.90,603.00,
-358.179748,7.358010,7.358235,46.904865,0.00,599.48,596.81,600.05,595.52,609.90,603.00,
-358.179748,7.358007,7.358235,46.904865,0.00,598.68,595.98,599.24,594.69,609.90,603.00,
-358.179748,7.357994,7.358235,46.904865,0.00,597.98,595.26,598.53,593.99,609.90,603.00,
-358.179748,7.357990,7.358326,46.905193,0.00,597.23,594.45,597.78,593.16,606.70,594.00,
-358.179718,7.357965,7.358354,46.905281,0.00,596.22,593.42,596.79,592.14,605.90,594.00,
-358.179718,7.357972,7.358354,46.905281,0.00,595.67,592.85,596.23,591.56,605.90,594.00,
-358.179718,7.357980,7.358354,46.905281,0.00,594.79,591.94,595.36,590.66,605.90,594.00,
-358.179779,7.357994,7.358354,46.905281,0.00,593.89,591.02,594.46,589.73,605.90,594.00,
-358.179779,7.357993,7.358472,46.905605,0.00,592.92,589.99,593.48,588.70,601.80,593.00,
-358.179779,7.357988,7.358472,46.905605,0.00,591.85,588.89,592.42,587.60,601.80,593.00,
-358.179809,7.357983,7.358636,46.905738,0.00,591.13,588.14,591.70,586.86,600.30,598.00,
-358.179840,7.357978,7.358740,46.905776,0.00,590.41,587.38,590.98,586.09,599.90,599.00,
-358.179748,7.357990,7.358740,46.905776,0.00,589.69,586.63,590.25,585.35,599.90,599.00,
-358.179748,7.357991,7.358947,46.905849,0.00,589.14,586.07,589.71,584.79,598.60,599.00,
-365.012481,7.357992,7.358947,46.905849,0.00,588.66,585.58,589.23,584.29,598.60,599.00,
-365.012451,7.357990,7.358947,46.905849,0.00,588.30,585.18,588.87,583.90,598.60,599.00,
-365.012512,7.358018,7.358947,46.905849,0.00,588.09,584.96,588.66,583.67,598.60,599.00,
-365.012512,7.358028,7.358947,46.905849,0.00,587.50,584.36,588.07,583.07,598.60,599.00,
-586.588439,7.358012,7.358947,46.905849,0.00,587.56,584.42,588.13,583.13,598.60,599.00,
-586.588439,7.358014,7.359237,46.906169,0.00,587.10,583.94,587.66,582.65,595.70,596.00,
-586.588500,7.358018,7.359195,46.906215,0.00,586.67,583.50,587.24,582.21,595.30,595.00,
-586.588500,7.358024,7.359195,46.906215,0.00,586.39,583.21,586.96,581.92,595.30,595.00,
-526.069946,7.358028,7.359083,46.906272,0.00,586.16,582.94,586.70,581.65,594.30,594.00,
-526.069885,7.358022,7.359035,46.906299,0.00,585.77,582.59,586.34,581.30,593.70,593.00,
-565.114135,7.358019,7.359035,46.906299,0.00,585.58,582.40,586.15,581.11,593.70,593.00,
-565.114135,7.358017,7.359035,46.906299,0.00,585.41,582.21,585.97,580.93,593.70,593.00,
-565.114135,7.358007,7.359035,46.906299,0.00,585.47,582.29,586.04,581.00,593.70,593.00,
-565.114135,7.358009,7.359035,46.906299,0.00,585.43,582.24,585.99,580.95,593.70,593.00,
-519.237182,7.358006,7.359035,46.906299,0.00,585.38,582.16,585.94,580.88,593.70,593.00,
-494.834533,7.358004,7.359035,46.906299,0.00,585.31,582.09,585.87,580.80,593.70,593.00,
-494.834533,7.358002,7.359035,46.906299,0.00,585.13,581.91,585.70,580.62,593.70,593.00,
-494.834533,7.358000,7.358975,46.906528,0.00,585.12,581.89,585.68,580.61,593.10,591.00,
-408.937255,7.357994,7.359000,46.906558,0.00,584.94,581.73,585.50,580.44,593.00,590.00,
-420.650512,7.357995,7.359025,46.906600,0.00,584.86,581.65,585.43,580.37,592.80,590.00,
-414.793884,7.357995,7.359046,46.906639,0.00,585.14,581.92,585.71,580.64,592.90,590.00,
-414.793884,7.357994,7.359070,46.906673,0.00,585.00,581.77,585.56,580.49,592.90,590.00,
-338.657653,7.357988,7.359070,46.906673,0.00,585.05,581.82,585.61,580.54,592.90,590.00,
-466.527465,7.357997,7.359129,46.906753,0.00,585.20,581.98,585.76,580.69,592.90,589.00,
-637.345947,7.358010,7.359129,46.906753,0.00,584.89,581.66,585.46,580.38,592.90,589.00,
-855.993591,7.358026,7.359190,46.906845,0.00,585.20,581.95,585.76,580.67,593.00,589.00,
-1042.429809,7.358041,7.359190,46.906845,0.00,584.99,581.74,585.55,580.45,593.00,589.00,
-1042.429809,7.358043,7.359248,46.906925,0.00,584.74,581.48,585.34,580.23,592.90,588.00,
-951.651977,7.358036,7.359248,46.906925,0.00,584.74,581.48,585.31,580.20,592.90,588.00,
-871.611328,7.358030,7.359248,46.906925,0.00,584.73,581.47,585.29,580.19,592.90,588.00,
-871.611328,7.358032,7.359248,46.906925,0.00,584.69,581.43,585.26,580.15,592.90,588.00,
-860.874145,7.358031,7.359248,46.906925,0.00,584.80,581.54,585.36,580.26,592.90,588.00,
-846.232543,7.358030,7.359248,46.906925,0.00,584.83,581.57,585.39,580.29,592.90,588.00,
-826.710449,7.358029,7.359248,46.906925,0.00,584.79,581.54,585.36,580.25,592.90,588.00,
-846.232543,7.358030,7.359425,46.907234,0.00,584.76,581.51,585.33,580.22,592.70,592.00,
-1101.972167,7.358049,7.359425,46.907234,0.00,584.82,581.58,585.40,580.30,592.70,592.00,
-1189.821655,7.358056,7.359425,46.907234,0.00,584.78,581.51,585.35,580.22,592.70,592.00,
-1189.821655,7.358056,7.359425,46.907234,0.00,584.93,581.66,585.50,580.37,592.70,592.00,
-1189.821655,7.358055,7.359474,46.907421,0.00,585.01,581.74,585.58,580.45,592.50,590.00,
-1189.821655,7.358055,7.359474,46.907421,0.00,585.28,582.02,585.84,580.73,592.50,590.00,
-1189.821655,7.358055,7.359419,46.907505,0.00,585.49,582.24,586.06,580.95,592.50,590.00,
-1189.821655,7.358056,7.359373,46.907520,0.00,585.77,582.53,586.34,581.24,592.50,590.00,
-1189.821655,7.358054,7.359323,46.907543,0.00,585.92,582.68,586.49,581.39,592.70,590.00,
-1189.821655,7.358050,7.359271,46.907550,0.00,586.26,583.03,586.83,581.75,592.90,590.00,
-1189.821655,7.358049,7.359223,46.907558,0.00,586.53,583.32,587.10,582.03,593.10,590.00,
-1189.821655,7.358049,7.359223,46.907558,0.00,586.82,583.61,587.39,582.32,593.10,590.00,
-1189.821655,7.358051,7.359129,46.907577,0.00,587.14,583.94,587.70,582.65,593.90,591.00,
-1189.821655,7.358050,7.359129,46.907577,0.00,587.36,584.16,587.92,582.88,593.90,591.00,
-1189.821655,7.358050,7.359036,46.907592,0.00,587.64,584.46,588.21,583.17,594.50,591.00,
-1189.821655,7.358053,7.358991,46.907600,0.00,587.96,584.79,588.53,583.50,594.40,592.00,
-1189.821655,7.358052,7.358991,46.907600,0.00,588.23,585.06,588.79,583.77,594.40,592.00,
-1189.821655,7.358048,7.358991,46.907600,0.00,588.40,585.24,588.97,583.96,594.40,592.00,
-1189.821655,7.358050,7.358991,46.907600,0.00,588.75,585.60,589.32,584.32,594.40,592.00,
-1189.821655,7.358051,7.358991,46.907600,0.00,589.23,586.10,589.80,584.81,594.40,592.00,
-1189.821655,7.358052,7.358991,46.907600,0.00,589.37,586.24,589.93,584.95,594.40,592.00,
-1189.821655,7.358053,7.358991,46.907600,0.00,589.48,586.36,590.05,585.07,594.40,592.00,
-1189.821533,7.358044,7.358640,46.907672,0.00,589.79,586.68,590.36,585.39,596.60,593.00,
-1189.821533,7.358052,7.358640,46.907672,0.00,589.96,586.85,590.53,585.58,596.60,593.00,
-1189.821533,7.358052,7.358640,46.907672,0.00,590.14,587.03,590.75,585.80,596.60,593.00,
-1189.821533,7.358054,7.358498,46.907699,0.00,590.32,587.22,590.88,585.93,597.80,590.00,
-1189.821533,7.358053,7.358498,46.907699,0.00,590.50,587.41,591.10,586.15,597.80,590.00,
-1189.821533,7.358054,7.358404,46.907722,0.00,590.59,587.50,591.16,586.21,598.20,591.00,
-1189.821533,7.358049,7.358355,46.907730,0.00,590.86,587.76,591.43,586.47,598.30,592.00,
-1189.821533,7.358053,7.358303,46.907737,0.00,590.92,587.82,591.48,586.53,598.50,592.00,
-1189.821533,7.358048,7.358303,46.907737,0.00,591.01,587.91,591.58,586.63,598.50,592.00,
-1189.821533,7.358050,7.358303,46.907737,0.00,591.00,587.92,591.57,586.67,598.50,592.00,
-1189.821533,7.358046,7.358093,46.907787,0.00,591.15,588.06,591.72,586.77,598.80,594.00,
-1189.821533,7.358047,7.358093,46.907787,0.00,590.90,587.80,591.47,586.51,598.80,594.00,
-1189.821533,7.358046,7.358093,46.907787,0.00,590.91,587.81,591.47,586.52,598.80,594.00,
-1189.821533,7.358047,7.358093,46.907787,0.00,590.75,587.64,591.31,586.35,598.80,594.00,
-1189.821533,7.358047,7.358093,46.907787,0.00,590.91,587.81,591.47,586.52,598.80,594.00,
-1189.821533,7.358047,7.358093,46.907787,0.00,590.82,587.71,591.39,586.43,598.80,594.00,
-1189.821533,7.358046,7.357790,46.907836,0.00,590.69,587.56,591.24,586.28,598.70,7271.00,
-1189.821533,7.358043,7.357694,46.907871,0.00,590.52,587.41,591.09,586.12,598.60,6069.00,
-1189.821533,7.358046,7.357694,46.907871,0.00,590.45,587.34,591.02,586.05,598.60,6069.00,
-1120.518066,7.358040,7.357683,46.907901,0.00,590.27,587.14,590.83,585.86,598.70,5938.00,
-1120.518066,7.358035,7.357683,46.907901,0.00,589.71,586.57,590.27,585.28,598.70,5938.00,
-1120.518066,7.358049,7.357787,46.907993,0.00,589.24,586.09,589.81,584.80,598.60,7239.00,
-1120.518066,7.358028,7.357825,46.908031,0.00,588.98,585.82,589.55,584.53,597.90,7710.00,
-1120.518066,7.358022,7.357825,46.908031,0.00,588.54,585.37,589.11,584.08,597.90,7710.00,
-1120.518066,7.358021,7.357865,46.908081,0.00,588.08,584.89,588.64,583.60,597.10,597.00,
-1120.518066,7.358015,7.357865,46.908081,0.00,587.77,584.56,588.33,583.28,597.10,597.00,
-1139.064086,7.358016,7.357865,46.908081,0.00,587.45,584.24,588.01,582.94,597.10,597.00,
-1113.685302,7.358015,7.357865,46.908081,0.00,587.32,584.10,587.88,582.82,597.10,597.00,
-1113.685302,7.357993,7.358020,46.908309,0.00,587.18,583.96,587.75,582.68,595.80,596.00,
-1113.685302,7.357981,7.358020,46.908309,0.00,587.02,583.78,587.58,582.50,595.80,596.00,
-1113.685302,7.357999,7.358137,46.908481,0.00,586.93,583.70,587.50,582.42,595.30,596.00,
-1113.685302,7.357982,7.358137,46.908481,0.00,586.86,583.63,587.42,582.34,595.30,596.00,
-1113.685302,7.357957,7.358193,46.908603,0.00,586.84,583.60,587.40,582.29,594.90,596.00,
-1113.685302,7.357950,7.358193,46.908603,0.00,586.66,583.42,587.22,582.14,594.90,596.00,
-1113.685302,7.357953,7.358193,46.908603,0.00,586.49,583.25,587.06,581.95,594.90,596.00,
-1113.685302,7.357956,7.358235,46.908706,0.00,586.19,582.96,586.79,581.69,594.70,596.00,
-1113.685302,7.357951,7.358258,46.908763,0.00,585.88,582.64,586.45,581.35,594.50,596.00,
-1113.685302,7.357955,7.358258,46.908763,0.00,585.62,582.37,586.19,581.08,594.50,596.00,
-1113.685302,7.357957,7.358258,46.908763,0.00,585.47,582.19,586.03,580.88,594.50,596.00,
-1113.685302,7.357951,7.358258,46.908763,0.00,585.23,581.95,585.80,580.67,594.50,596.00,
-1174.203857,7.357955,7.358407,46.909065,0.00,585.21,581.93,585.78,580.64,593.50,592.00,
-1135.159667,7.357952,7.358407,46.909065,0.00,585.23,581.95,585.79,580.66,593.50,592.00,
-1135.159667,7.357961,7.358407,46.909065,0.00,585.26,581.98,585.82,580.69,593.50,592.00,
-1135.159667,7.357964,7.358479,46.909236,0.00,585.38,582.10,585.95,580.82,593.00,591.00,
-1135.159667,7.357961,7.358479,46.909236,0.00,585.47,582.20,586.04,580.91,593.00,591.00,
-1318.667480,7.357947,7.358479,46.909236,0.00,585.58,582.31,586.15,581.03,593.00,591.00,
-1318.667480,7.357945,7.358479,46.909236,0.00,585.78,582.52,586.35,581.23,593.00,591.00,
-1280.599365,7.357948,7.358479,46.909236,0.00,585.71,582.44,586.28,581.16,593.00,591.00,
-1280.599365,7.357963,7.358479,46.909236,0.00,585.49,582.25,586.07,580.96,593.00,591.00,
-1236.674560,7.357966,7.358493,46.909530,0.00,585.41,582.16,585.98,580.87,593.00,592.00,
-1236.674560,7.357967,7.358493,46.909530,0.00,585.36,582.10,585.92,580.81,593.00,592.00,
-1459.226562,7.357951,7.358490,46.909626,0.00,585.19,581.93,585.76,580.65,593.00,592.00,
-1459.226562,7.357948,7.358488,46.909667,0.00,584.96,581.69,585.53,580.40,592.90,592.00,
-1459.226562,7.357955,7.358488,46.909667,0.00,584.58,581.30,585.15,580.01,592.90,592.00,
-1440.680541,7.357957,7.358488,46.909667,0.00,584.66,581.36,585.23,580.08,592.90,592.00,
-1728.631591,7.357935,7.358490,46.909797,0.00,584.51,581.21,585.08,579.92,592.80,592.00,
-1728.631591,7.357939,7.358490,46.909797,0.00,584.47,581.16,585.04,579.87,592.80,592.00,
-1728.631591,7.357936,7.358490,46.909797,0.00,584.48,581.18,585.05,579.89,592.80,592.00,
-1728.631591,7.357934,7.358475,46.909839,0.00,584.27,580.98,584.84,579.70,592.80,593.00,
-1728.631591,7.357932,7.358475,46.909839,0.00,584.39,581.11,584.96,579.82,592.80,593.00,
-1728.631591,7.357932,7.358475,46.909839,0.00,584.38,581.09,584.94,579.80,592.80,593.00,
-1728.631591,7.357933,7.358475,46.909839,0.00,584.24,580.96,584.80,579.68,592.80,593.00,
-1728.631591,7.357932,7.358469,46.909839,0.00,584.20,580.93,584.77,579.64,592.80,593.00,
-1728.631591,7.357931,7.358465,46.909839,0.00,584.27,580.98,584.84,579.70,592.90,593.00,
-1728.631591,7.357935,7.358465,46.909839,0.00,584.57,581.28,585.13,580.00,592.90,593.00,
-1728.631591,7.357937,7.358465,46.909839,0.00,584.72,581.44,585.29,580.16,592.90,593.00,
-1728.631591,7.357936,7.358465,46.909839,0.00,584.94,581.65,585.51,580.36,592.90,593.00,
-1728.631591,7.357939,7.358465,46.909839,0.00,585.07,581.78,585.63,580.49,592.90,593.00,
-1728.631591,7.357942,7.358465,46.909839,0.00,584.92,581.61,585.49,580.33,592.90,593.00,
-1728.631591,7.357944,7.358465,46.909839,0.00,585.01,581.72,585.57,580.43,592.90,593.00,
-1728.631591,7.357944,7.358465,46.909839,0.00,585.21,581.93,585.78,580.66,592.90,593.00,
-1728.631591,7.357942,7.358440,46.909839,0.00,585.28,582.00,585.86,580.73,593.40,593.00,
-1728.631591,7.357939,7.358437,46.909839,0.00,585.64,582.37,586.20,581.08,593.90,593.00,
-1728.631591,7.357942,7.358437,46.909839,0.00,585.85,582.61,586.42,581.32,593.90,593.00,
-1728.631591,7.357945,7.358427,46.909839,0.00,585.98,582.75,586.55,581.46,594.30,593.00,
-1728.631591,7.357948,7.358422,46.909832,0.00,586.07,582.83,586.63,581.55,594.30,593.00,
-1728.631591,7.357952,7.358422,46.909832,0.00,586.12,582.87,586.69,581.58,594.30,593.00,
-1728.631591,7.357949,7.358414,46.909832,0.00,586.19,582.96,586.75,581.69,594.20,593.00,
-1728.631591,7.357948,7.358404,46.909832,0.00,586.24,583.01,586.81,581.73,594.00,593.00,
-1728.631591,7.357946,7.358393,46.909832,0.00,586.11,582.87,586.67,581.59,593.90,594.00,
-1728.631591,7.357944,7.358393,46.909832,0.00,586.16,582.93,586.72,581.64,593.90,594.00,
-1728.631591,7.357944,7.358393,46.909832,0.00,586.10,582.87,586.67,581.58,593.90,594.00,
-1728.631591,7.357942,7.358393,46.909832,0.00,586.20,582.97,586.77,581.69,593.90,594.00,
-1728.631591,7.357940,7.358393,46.909832,0.00,586.26,583.07,586.86,581.78,593.90,594.00,
-1728.631591,7.357942,7.358393,46.909832,0.00,586.22,582.99,586.79,581.69,593.10,594.00,
-1728.631591,7.357940,7.358393,46.909832,0.00,586.07,582.86,586.63,581.57,593.10,594.00,
-1728.631591,7.357938,7.358398,46.909824,0.00,586.14,582.93,586.70,581.64,593.60,593.00,
-1728.631591,7.357940,7.358398,46.909824,0.00,586.20,582.99,586.76,581.70,593.60,593.00,
-1728.631591,7.357943,7.358401,46.909824,0.00,586.13,582.92,586.69,581.63,593.80,593.00,
-1728.631591,7.357940,7.358401,46.909824,0.00,586.16,582.95,586.72,581.66,593.90,593.00,
-1728.631591,7.357942,7.358401,46.909824,0.00,586.16,582.98,586.73,581.69,593.90,593.00,
-1728.631591,7.357944,7.358401,46.909824,0.00,586.22,583.05,586.81,581.77,593.90,593.00,
-1728.631591,7.357942,7.358404,46.909824,0.00,586.35,583.14,586.91,581.86,593.90,593.00,
46.909820,7.358460,7.358404,46.909824,1.00,585.73,585.70,586.94,581.89,593.90,593.00,
46.909820,7.358460,7.358404,46.909824,1.00,585.73,585.70,586.83,581.79,593.90,593.00,
46.909820,7.358460,7.358404,46.909824,1.00,585.73,585.70,586.89,581.85,593.90,593.00,
46.909824,7.358401,7.358404,46.909824,1.00,585.70,585.67,586.76,581.72,593.90,593.00,
46.909824,7.358404,7.358404,46.909824,1.00,585.73,585.70,586.69,581.65,593.90,593.00,
46.909824,7.358404,7.358404,46.909824,1.00,585.73,585.70,586.61,581.59,593.90,593.00,
46.909824,7.358404,7.358404,46.909824,1.00,585.73,585.70,586.71,581.69,593.90,593.00,
46.909824,7.358404,7.358404,46.909824,1.00,585.74,585.70,586.56,581.54,593.90,593.00,
46.909824,7.358404,7.358404,46.909824,1.00,585.75,585.73,586.72,581.70,593.90,593.00,
