46.902671,7.376270,7.376315,46.902759,7.376315,46.902759,0.00,1.00,727.80,727.79,727.29,727.42,737.00,722.00,
46.902671,7.376271,7.376317,46.902759,7.376317,46.902759,0.03,1.00,727.87,727.84,727.38,727.52,737.00,722.00,
46.902671,7.376273,7.376318,46.902759,7.376318,46.902759,0.04,1.00,727.87,727.84,727.37,727.48,737.00,722.00,
46.902671,7.376275,7.376320,46.902759,7.376320,46.902759,0.04,1.00,727.81,727.75,727.29,727.37,737.00,722.00,
46.902671,7.376276,7.376321,46.902759,7.376321,46.902759,0.01,1.00,727.81,727.75,727.40,727.49,737.00,722.00,
46.902671,7.376278,7.376323,46.902759,7.376323,46.902759,0.04,1.00,727.84,727.80,727.43,727.50,737.00,722.00,
46.902671,7.376278,7.376323,46.902759,7.376323,46.902759,0.00,1.00,727.84,727.81,727.31,727.31,737.00,722.00,
46.902664,7.376271,7.376317,46.902751,7.376317,46.902751,1.27,1.00,727.81,727.77,727.35,727.28,737.00,722.00,
46.902664,7.376270,7.376315,46.902751,7.376315,46.902751,0.03,1.00,727.81,727.77,727.39,727.29,737.00,722.00,
46.902656,7.376266,7.376311,46.902744,7.376311,46.902744,0.90,1.00,727.81,727.77,727.25,727.12,737.00,722.00,
46.902656,7.376265,7.376310,46.902744,7.376310,46.902744,0.01,1.00,727.85,727.82,727.19,727.06,737.00,722.00,
46.902656,7.376266,7.376311,46.902744,7.376311,46.902744,0.01,1.00,727.87,727.81,727.18,727.00,737.00,722.00,
46.902645,7.376270,7.376315,46.902732,7.376315,46.902732,1.80,1.00,727.86,727.80,727.26,727.09,737.00,722.00,
46.902645,7.376273,7.376318,46.902732,7.376318,46.902732,0.14,1.00,727.80,727.77,727.26,727.09,737.00,722.00,
46.902645,7.376273,7.376318,46.902732,7.376318,46.902732,0.00,1.00,727.82,727.79,727.19,726.99,737.00,722.00,
46.902637,7.376276,7.376321,46.902725,7.376321,46.902725,0.82,1.00,727.80,727.76,727.07,726.88,737.00,722.00,
46.902637,7.376278,7.376323,46.902725,7.376323,46.902725,0.04,1.00,727.91,727.88,727.12,726.96,737.00,722.00,
46.902637,7.376280,7.376326,46.902725,7.376326,46.902725,0.07,1.00,727.85,727.81,727.16,727.02,737.00,722.00,
46.902637,7.376281,7.376327,46.902725,7.376327,46.902725,0.01,1.00,727.85,727.82,727.15,727.04,737.00,722.00,
46.902637,7.376283,7.376328,46.902725,7.376328,46.902725,0.04,1.00,727.82,727.76,727.18,727.03,737.00,722.00,
46.902637,7.376280,7.376326,46.902725,7.376326,46.902725,0.10,1.00,727.87,727.84,727.10,726.91,737.00,722.00,
46.902637,7.376278,7.376323,46.902725,7.376323,46.902725,0.07,1.00,727.82,727.78,726.99,726.77,737.00,722.00,
46.902629,7.376276,7.376321,46.902717,7.376321,46.902717,0.76,1.00,727.85,727.79,727.03,726.76,737.00,722.00,
46.902629,7.376273,7.376318,46.902717,7.376318,46.902717,0.10,1.00,727.84,727.80,727.09,726.84,737.00,722.00,
46.902629,7.376270,7.376315,46.902717,7.376315,46.902717,0.14,1.00,727.81,727.75,726.95,726.61,737.00,722.00,
46.902629,7.376266,7.376311,46.902717,7.376311,46.902717,0.18,1.00,727.84,727.83,726.92,726.62,737.00,722.00,
46.902629,7.376265,7.376310,46.902717,7.376310,46.902717,0.01,1.00,727.83,727.80,726.96,726.73,737.00,722.00,
46.902629,7.376265,7.376310,46.902717,7.376310,46.902717,0.00,1.00,727.85,727.82,726.95,726.75,737.00,722.00,
46.902629,7.376265,7.376310,46.902717,7.376310,46.902717,0.00,1.00,727.80,727.79,726.94,726.79,737.00,722.00,
46.902629,7.376266,7.376311,46.902717,7.376311,46.902717,0.01,1.00,727.88,727.82,726.97,726.85,737.00,722.00,
46.902629,7.376270,7.376315,46.902717,7.376315,46.902717,0.18,1.00,727.87,727.82,727.04,726.92,737.00,722.00,
46.902629,7.376271,7.376317,46.902717,7.376317,46.902717,0.03,1.00,727.85,727.81,727.04,726.96,737.00,722.00,
46.902629,7.376273,7.376318,46.902717,7.376318,46.902717,0.04,1.00,727.85,727.84,727.10,727.07,737.00,722.00,
46.902629,7.376275,7.376320,46.902717,7.376320,46.902717,0.04,1.00,727.83,727.82,727.16,727.16,737.00,722.00,
46.902629,7.376276,7.376321,46.902717,7.376321,46.902717,0.01,1.00,727.82,727.78,727.15,727.15,737.00,722.00,
46.902629,7.376276,7.376321,46.902717,7.376321,46.902717,0.00,1.00,727.83,727.80,727.11,727.13,737.00,722.00,
46.902629,7.376276,7.376321,46.902717,7.376321,46.902717,0.00,1.00,727.83,727.80,727.12,727.17,737.00,722.00,
46.902622,7.376278,7.376323,46.902709,7.376323,46.902709,0.76,1.00,727.85,727.82,727.02,727.08,737.00,722.00,
46.902622,7.376278,7.376323,46.902709,7.376323,46.902709,0.00,1.00,727.87,727.83,727.15,727.22,737.00,722.00,
46.902622,7.376280,7.376326,46.902709,7.376326,46.902709,0.07,1.00,727.86,727.83,727.09,727.19,737.00,722.00,
46.902622,7.376280,7.376326,46.902709,7.376326,46.902709,0.00,1.00,727.85,727.84,727.14,727.26,737.00,722.00,
46.902629,7.376278,7.376323,46.902717,7.376323,46.902717,0.79,1.00,727.80,727.76,727.16,727.28,737.00,722.00,
46.902629,7.376278,7.376323,46.902717,7.376323,46.902717,0.00,1.00,727.85,727.82,727.25,727.38,737.00,722.00,
46.902629,7.376280,7.376326,46.902717,7.376326,46.902717,0.07,1.00,727.82,727.78,727.24,727.39,737.00,722.00,
46.902629,7.376280,7.376326,46.902717,7.376326,46.902717,0.00,1.00,727.80,727.76,727.17,727.33,737.00,722.00,
46.902629,7.376280,7.376326,46.902717,7.376326,46.902717,0.00,1.00,727.78,727.75,727.12,727.28,737.00,722.00,
46.902622,7.376280,7.376326,46.902709,7.376326,46.902709,0.72,1.00,727.83,727.80,727.10,727.27,737.00,722.00,
46.902622,7.376283,7.376328,46.902709,7.376328,46.902709,0.10,1.00,727.82,727.80,727.13,727.30,737.00,722.00,
46.902622,7.376284,7.376329,46.902709,7.376329,46.902709,0.01,1.00,727.82,727.77,727.26,727.45,737.00,722.00,
46.902622,7.376286,7.376332,46.902709,7.376332,46.902709,0.07,1.00,727.82,727.78,727.08,727.27,737.00,722.00,
46.902622,7.376289,7.376335,46.902709,7.376335,46.902709,0.10,1.00,727.80,727.77,727.12,727.32,737.00,722.00,
46.902622,7.376291,7.376337,46.902709,7.376337,46.902709,0.04,1.00,727.83,727.80,727.18,727.39,737.00,722.00,
46.902622,7.376295,7.376340,46.902709,7.376340,46.902709,0.14,1.00,727.80,727.76,727.16,727.36,737.00,722.00,
46.902622,7.376296,7.376342,46.902709,7.376342,46.902709,0.04,1.00,727.83,727.80,727.17,727.40,737.00,722.00,
46.902622,7.376296,7.376342,46.902709,7.376342,46.902709,0.00,1.00,727.80,727.79,727.17,727.40,737.00,722.00,
46.902622,7.376296,7.376342,46.902709,7.376342,46.902709,0.00,1.00,727.80,727.77,727.14,727.36,737.00,722.00,
46.902622,7.376296,7.376342,46.902709,7.376342,46.902709,0.00,1.00,727.82,727.78,727.08,727.30,737.00,722.00,
46.902622,7.376296,7.376342,46.902709,7.376342,46.902709,0.00,1.00,727.82,727.79,727.26,727.49,737.00,722.00,
46.902622,7.376298,7.376344,46.902709,7.376344,46.902709,0.04,1.00,727.82,727.79,727.20,727.43,737.00,722.00,
46.902622,7.376296,7.376342,46.902709,7.376342,46.902709,0.04,1.00,727.83,727.80,727.07,727.27,737.00,722.00,
46.902622,7.376298,7.376344,46.902709,7.376344,46.902709,0.04,1.00,727.85,727.82,727.01,727.21,737.00,722.00,
46.902622,7.376296,7.376342,46.902709,7.376342,46.902709,0.04,1.00,727.85,727.82,727.10,727.30,737.00,722.00,
46.902622,7.376298,7.376344,46.902709,7.376344,46.902709,0.04,1.00,727.83,727.80,727.01,727.20,737.00,722.00,
46.902614,7.376296,7.376342,46.902702,7.376342,46.902702,0.76,1.00,727.91,727.88,727.03,727.26,737.00,722.00,
46.902614,7.376293,7.376338,46.902702,7.376338,46.902702,0.14,1.00,727.78,727.72,726.87,727.08,737.00,722.00,
46.902606,7.376281,7.376327,46.902694,7.376327,46.902694,2.47,1.00,727.85,727.81,726.94,727.18,737.00,722.00,
46.902587,7.376263,7.376308,46.902675,7.376308,46.902675,8.77,1.00,727.85,727.84,727.04,727.28,737.00,722.00,
46.902572,7.376257,7.376302,46.902660,7.376302,46.902660,3.28,1.00,727.89,727.83,727.33,727.59,737.00,722.00,
46.902557,7.376265,7.376310,46.902645,7.376310,46.902645,3.69,1.00,727.88,727.90,727.52,727.82,737.00,722.00,
46.902542,7.376276,7.376321,46.902629,7.376321,46.902629,4.36,1.00,727.88,727.87,727.64,727.97,737.00,722.00,
46.902534,7.376289,7.376335,46.902622,7.376335,46.902622,2.92,1.00,727.91,727.87,727.92,728.27,737.00,723.00,
46.902507,7.376302,7.376347,46.902595,7.376347,46.902595,10.71,1.00,727.87,727.84,728.23,728.62,737.00,723.00,
46.902500,7.376310,7.376355,46.902587,7.376355,46.902587,1.53,1.00,727.87,727.84,728.57,728.98,737.00,723.00,
46.902500,7.376310,7.376368,46.902572,7.376368,46.902572,4.92,1.00,727.87,727.87,728.79,729.26,737.00,723.00,
46.902500,7.376310,7.376381,46.902565,7.376381,46.902565,2.92,1.00,727.83,727.82,728.80,729.30,737.00,723.00,
46.902500,7.376310,7.376394,46.902545,7.376394,46.902545,6.39,1.00,727.78,727.75,728.87,729.37,737.00,723.00,
46.902500,7.376310,7.376408,46.902530,7.376408,46.902530,5.40,0.00,727.83,727.82,728.91,729.44,737.00,723.00,
46.902500,7.376310,7.376423,46.902515,7.376423,46.902515,5.75,0.00,727.85,727.84,728.93,729.47,737.00,723.00,
46.902500,7.376310,7.376441,46.902488,7.376441,46.902488,12.86,0.00,727.91,727.93,728.99,729.56,737.00,723.00,
46.902500,7.376310,7.376459,46.902465,7.376459,46.902465,10.11,0.00,727.92,727.94,729.01,729.57,737.00,723.00,
46.902500,7.376310,7.376477,46.902442,7.376477,46.902442,10.74,0.00,728.00,728.06,729.09,729.68,737.00,723.00,
46.902500,7.376310,7.376493,46.902416,7.376493,46.902416,12.05,0.00,727.86,727.91,728.94,729.53,737.00,723.00,
46.902500,7.376310,7.376512,46.902385,7.376512,46.902385,15.56,0.00,727.80,727.86,728.88,729.48,737.00,723.00,
46.902500,7.376310,7.376535,46.902359,7.376535,46.902359,15.55,0.00,727.78,727.84,728.86,729.47,737.00,723.00,
46.902500,7.376310,7.376555,46.902336,7.376555,46.902336,11.66,0.00,727.85,727.92,728.93,729.54,737.00,723.00,
46.902500,7.376310,7.376579,46.902301,7.376579,46.902301,21.30,0.00,727.66,727.74,728.74,729.37,737.00,723.00,
46.902500,7.376310,7.376601,46.902271,7.376601,46.902271,17.71,0.00,727.58,727.66,728.66,729.28,737.00,723.00,
46.902500,7.376310,7.376625,46.902244,7.376625,46.902244,15.55,0.00,727.47,727.57,728.55,729.19,737.00,723.00,
46.902500,7.376310,7.376647,46.902214,7.376647,46.902214,17.71,0.00,727.34,727.43,728.43,729.07,737.00,723.00,
46.902500,7.376310,7.376668,46.902187,7.376668,46.902187,14.49,0.00,727.31,727.40,728.40,729.03,737.00,723.00,
46.902500,7.376310,7.376689,46.902164,7.376689,46.902164,11.91,0.00,727.21,727.29,728.29,728.91,737.00,722.00,
46.902500,7.376310,7.376708,46.902133,7.376708,46.902133,15.78,0.00,727.28,727.37,728.36,728.99,737.00,722.00,
46.902500,7.376310,7.376725,46.902099,7.376725,46.902099,18.20,0.00,727.44,727.56,728.52,729.19,737.00,722.00,
46.902500,7.376310,7.376737,46.902076,7.376737,46.902076,8.09,0.00,727.64,727.78,728.73,729.40,737.00,722.00,
46.902500,7.376310,7.376747,46.902050,7.376747,46.902050,10.05,0.00,727.82,727.96,728.90,729.59,737.00,722.00,
46.902500,7.376310,7.376757,46.902027,7.376757,46.902027,7.71,0.00,727.64,727.77,728.72,729.40,737.00,722.00,
46.902500,7.376310,7.376765,46.902000,7.376765,46.902000,9.62,0.00,727.56,727.72,728.65,729.34,737.00,722.00,
46.902500,7.376310,7.376770,46.901969,7.376770,46.901969,11.84,0.00,727.60,727.76,728.69,729.39,737.00,722.00,
46.902500,7.376310,7.376770,46.901943,7.376770,46.901943,8.81,0.00,727.50,727.65,728.58,729.27,737.00,722.00,
46.902500,7.376310,7.376773,46.901920,7.376773,46.901920,6.57,0.00,727.50,727.65,728.58,729.27,737.00,722.00,
46.902500,7.376310,7.376775,46.901889,7.376775,46.901889,11.57,0.00,727.57,727.72,728.65,729.35,737.00,721.00,
46.902500,7.376310,7.376776,46.901863,7.376776,46.901863,8.82,0.00,727.72,727.88,728.80,729.52,737.00,721.00,
46.902500,7.376310,7.376776,46.901840,7.376776,46.901840,6.47,0.00,727.85,728.02,728.93,729.64,737.00,721.00,
46.902500,7.376310,7.376773,46.901805,7.376773,46.901805,14.70,0.00,727.87,728.07,728.96,729.70,737.00,721.00,
46.902500,7.376310,7.376765,46.901782,7.376765,46.901782,7.28,0.00,727.96,728.17,729.05,729.79,737.00,721.00,
46.902500,7.376310,7.376757,46.901756,7.376757,46.901756,9.62,0.00,727.95,728.15,729.03,729.77,737.00,721.00,
46.902500,7.376310,7.376749,46.901733,7.376749,46.901733,7.28,0.00,727.99,728.19,729.07,729.81,737.00,721.00,
46.902500,7.376310,7.376737,46.901710,7.376737,46.901710,8.23,0.00,727.88,728.08,728.96,729.70,737.00,720.00,
46.902500,7.376310,7.376720,46.901683,7.376720,46.901683,12.25,0.00,727.59,727.80,728.67,729.42,737.00,720.00,
46.902500,7.376310,7.376705,46.901668,7.376705,46.901668,5.75,0.00,727.59,727.80,728.67,729.37,737.00,720.00,
46.902500,7.376310,7.376699,46.901653,7.376699,46.901653,3.28,0.00,727.56,727.79,728.64,729.41,737.00,720.00,
46.902500,7.376310,7.376702,46.901634,7.376702,46.901634,4.59,0.00,727.66,727.89,728.72,729.50,737.00,720.00,
46.902500,7.376310,7.376703,46.901634,7.376703,46.901634,0.01,0.00,727.64,727.90,728.72,729.52,737.00,720.00,
46.902500,7.376310,7.376707,46.901634,7.376707,46.901634,0.23,0.00,727.79,728.06,728.87,729.69,737.00,720.00,
46.902500,7.376310,7.376710,46.901645,7.376710,46.901645,1.72,0.00,727.77,728.06,728.85,729.69,737.00,720.00,
46.902500,7.376310,7.376715,46.901653,7.376715,46.901653,1.06,0.00,727.63,727.92,728.72,729.54,737.00,720.00,
46.902500,7.376310,7.376729,46.901668,7.376729,46.901668,5.08,0.00,727.78,728.07,728.86,729.70,737.00,720.00,
46.902500,7.376310,7.376744,46.901691,7.376744,46.901691,9.35,0.00,727.75,728.06,728.83,729.69,737.00,720.00,
46.902500,7.376310,7.376762,46.901718,7.376762,46.901718,12.86,0.00,727.74,728.06,728.82,729.68,737.00,720.00,
46.902500,7.376310,7.376778,46.901741,7.376778,46.901741,9.72,0.00,727.90,728.23,728.98,729.85,737.00,721.00,
46.902500,7.376310,7.376791,46.901775,7.376791,46.901775,16.76,0.00,727.96,728.29,729.04,729.91,737.00,721.00,
46.902500,7.376310,7.376803,46.901805,7.376803,46.901805,13.26,0.00,727.76,728.11,728.84,729.73,737.00,721.00,
46.902500,7.376310,7.376815,46.901832,7.376815,46.901832,10.43,0.00,727.66,727.97,728.74,729.60,737.00,721.00,
46.902500,7.376310,7.376820,46.901863,7.376820,46.901863,11.84,0.00,727.65,727.99,728.73,729.62,737.00,721.00,
46.902500,7.376310,7.376814,46.901897,7.376814,46.901897,15.03,0.00,727.67,728.01,728.75,729.63,737.00,722.00,
46.902500,7.376310,7.376807,46.901927,7.376807,46.901927,12.14,0.00,727.83,728.18,728.92,729.81,737.00,722.00,
46.902500,7.376310,7.376805,46.901962,7.376805,46.901962,14.60,0.00,727.85,728.20,728.93,729.82,737.00,722.00,
46.902500,7.376310,7.376799,46.901985,7.376799,46.901985,6.95,0.00,727.80,728.15,728.88,729.77,737.00,722.00,
46.902500,7.376310,7.376791,46.902019,7.376791,46.902019,15.19,0.00,727.57,727.91,728.66,729.53,737.00,722.00,
46.902500,7.376310,7.376780,46.902057,7.376780,46.902057,19.59,0.00,727.70,728.05,728.79,729.67,737.00,722.00,
46.902500,7.376310,7.376765,46.902091,7.376765,46.902091,17.44,0.00,727.76,728.11,728.85,729.73,737.00,722.00,
46.902500,7.376310,7.376747,46.902122,7.376747,46.902122,15.56,0.00,727.88,728.25,728.96,729.88,737.00,722.00,
46.902500,7.376310,7.376721,46.902156,7.376721,46.902156,22.45,0.00,727.94,728.32,729.02,729.94,737.00,723.00,
46.902500,7.376310,7.376702,46.902179,7.376702,46.902179,11.19,0.00,728.02,728.41,729.11,730.03,737.00,723.00,
46.902500,7.376310,7.376681,46.902206,7.376681,46.902206,14.00,0.00,728.13,728.52,729.21,730.14,737.00,723.00,
46.902500,7.376310,7.376658,46.902229,7.376658,46.902229,13.21,0.00,728.05,728.44,729.13,730.06,737.00,723.00,
46.902500,7.376310,7.376639,46.902244,7.376639,46.902244,7.37,0.00,728.18,728.60,729.26,730.24,737.00,723.00,
46.902500,7.376310,7.376622,46.902278,7.376622,46.902278,18.20,0.00,728.12,728.54,729.20,730.18,737.00,723.00,
46.902500,7.376310,7.376601,46.902301,7.376601,46.902301,11.66,0.00,728.14,728.53,729.22,730.16,737.00,723.00,
46.902500,7.376310,7.376580,46.902328,7.376580,46.902328,14.49,0.00,728.06,728.48,729.14,730.10,737.00,723.00,
46.902500,7.376310,7.376561,46.902359,7.376561,46.902359,16.00,0.00,728.00,728.42,729.12,730.05,737.00,723.00,
46.902500,7.376310,7.376535,46.902385,7.376535,46.902385,17.00,0.00,727.94,728.33,729.01,729.96,737.00,723.00,
46.902500,7.376310,7.376513,46.902416,7.376513,46.902416,17.19,0.00,727.75,728.14,728.83,729.77,737.00,723.00,
46.902500,7.376310,7.376491,46.902442,7.376491,46.902442,15.01,0.00,727.63,728.00,728.71,729.62,737.00,723.00,
46.902500,7.376310,7.376472,46.902465,7.376472,46.902465,10.96,0.00,727.49,727.87,728.57,729.50,737.00,723.00,
46.902500,7.376310,7.376449,46.902488,7.376449,46.902488,13.21,0.00,727.28,727.65,728.37,729.28,737.00,723.00,
46.902500,7.376310,7.376428,46.902515,7.376428,46.902515,14.00,0.00,727.12,727.48,728.20,729.10,737.00,723.00,
46.902500,7.376310,7.376408,46.902538,7.376408,46.902538,11.42,0.00,726.77,727.11,727.85,728.74,737.00,723.00,
46.902500,7.376310,7.376389,46.902553,7.376389,46.902553,7.60,1.00,727.81,727.77,727.66,728.53,737.00,723.00,
46.902500,7.376310,7.376373,46.902572,7.376373,46.902572,7.37,1.00,727.82,727.78,727.50,728.38,737.00,723.00,
46.902671,7.376270,7.376360,46.902595,7.376360,46.902595,8.67,1.00,727.79,727.75,727.34,728.19,737.00,723.00,
46.902698,7.376255,7.376345,46.902622,7.376345,46.902622,11.68,1.00,727.85,727.82,727.27,728.11,737.00,723.00,
46.902713,7.376242,7.376332,46.902637,7.376332,46.902637,4.92,1.00,727.77,727.74,726.97,727.83,737.00,722.00,
46.902721,7.376236,7.376327,46.902645,7.376327,46.902645,1.06,1.00,727.85,727.82,726.94,727.80,737.00,722.00,
46.902736,7.376244,7.376334,46.902660,7.376334,46.902660,3.51,1.00,727.85,727.82,726.98,727.84,737.00,722.00,
46.902736,7.376257,7.376347,46.902660,7.376347,46.902660,2.20,1.00,727.89,727.86,727.20,728.13,737.00,722.00,
46.902744,7.376273,7.376363,46.902667,7.376363,46.902667,3.97,1.00,727.85,727.82,727.49,728.41,737.00,722.00,
46.902744,7.376296,7.376387,46.902667,7.376387,46.902667,6.74,1.00,727.88,727.83,727.79,728.72,737.00,723.00,
46.902751,7.376327,7.376417,46.902675,7.376417,46.902675,12.22,1.00,727.87,727.85,728.09,729.04,737.00,723.00,
46.902751,7.376358,7.376449,46.902675,7.376449,46.902675,12.23,1.00,727.89,727.91,728.45,729.42,737.00,723.00,
46.902751,7.376390,7.376480,46.902675,7.376480,46.902675,12.23,1.00,727.90,727.90,728.76,729.75,737.00,723.00,
46.902671,7.376270,7.376510,46.902675,7.376510,46.902675,10.80,1.00,727.86,727.83,728.92,729.92,737.00,723.00,
46.902671,7.376270,7.376543,46.902675,7.376543,46.902675,13.76,1.00,727.83,727.80,729.12,730.12,737.00,723.00,
46.902671,7.376270,7.376574,46.902687,7.376574,46.902687,13.85,1.00,727.90,727.84,729.40,730.42,737.00,723.00,
46.902671,7.376270,7.376605,46.902687,7.376605,46.902687,11.50,1.00,727.82,727.81,729.41,730.46,737.00,723.00,
46.902671,7.376270,7.376639,46.902694,7.376639,46.902694,14.88,1.00,727.89,727.86,729.75,730.79,737.00,723.00,
46.902671,7.376270,7.376673,46.902687,7.376673,46.902687,15.28,1.00,727.85,727.82,729.87,730.92,737.00,724.00,
46.902671,7.376270,7.376712,46.902694,7.376712,46.902694,19.15,1.00,727.88,727.85,730.03,731.09,737.00,724.00,
46.902671,7.376270,7.376745,46.902694,7.376745,46.902694,13.37,1.00,727.91,727.88,730.17,731.23,737.00,724.00,
46.902671,7.376270,7.376780,46.902694,7.376780,46.902694,15.38,1.00,727.85,727.82,730.25,731.35,737.00,724.00,
46.902671,7.376270,7.376814,46.902694,7.376814,46.902694,14.16,1.00,727.85,727.82,730.27,731.36,737.00,724.00,
46.902671,7.376270,7.376856,46.902702,7.376856,46.902702,22.97,1.00,727.82,727.78,730.37,731.47,737.00,724.00,
46.902671,7.376270,7.376895,46.902709,7.376895,46.902709,19.15,1.00,727.86,727.83,730.43,731.53,737.00,724.00,
46.902671,7.376270,7.376932,46.902717,7.376932,46.902717,17.37,1.00,727.89,727.86,730.65,731.76,737.00,724.00,
46.902671,7.376270,7.376960,46.902732,7.376960,46.902732,12.99,1.00,727.83,727.80,730.78,731.92,737.00,726.00,
46.902671,7.376270,7.376998,46.902744,7.376998,46.902744,19.15,1.00,727.79,727.75,730.88,732.02,737.00,726.00,
46.902671,7.376270,7.377034,46.902751,7.377034,46.902751,16.52,1.00,727.86,727.83,731.01,732.14,737.00,726.00,
46.902671,7.376270,7.377068,46.902767,7.377068,46.902767,17.44,1.00,727.89,727.86,731.17,732.34,737.00,726.00,
46.902671,7.376270,7.377107,46.902774,7.377107,46.902774,19.15,1.00,727.83,727.79,731.30,732.48,737.00,726.00,
46.902671,7.376270,7.377141,46.902782,7.377141,46.902782,15.69,1.00,727.85,727.82,731.35,732.54,737.00,727.00,
46.902671,7.376270,7.377172,46.902790,7.377172,46.902790,12.22,1.00,727.86,727.82,731.40,732.59,737.00,727.00,
46.902671,7.376270,7.377196,46.902797,7.377196,46.902797,8.02,1.00,727.86,727.85,731.57,732.77,737.00,727.00,
46.902671,7.376270,7.377220,46.902809,7.377220,46.902809,8.36,1.00,727.86,727.83,731.69,732.92,737.00,727.00,
46.902671,7.376270,7.377250,46.902816,7.377250,46.902816,12.22,1.00,727.82,727.78,731.81,733.02,737.00,727.00,
46.902671,7.376270,7.377292,46.902816,7.377292,46.902816,21.26,1.00,727.86,727.83,732.07,733.29,737.00,727.00,
46.902671,7.376270,7.377329,46.902816,7.377329,46.902816,17.53,1.00,727.76,727.72,732.01,733.23,737.00,727.00,
46.902671,7.376270,7.377368,46.902824,7.377368,46.902824,19.15,1.00,727.89,727.86,732.30,733.53,737.00,728.00,
46.902671,7.376270,7.377408,46.902824,7.377408,46.902824,19.82,1.00,727.85,727.82,732.33,733.60,737.00,728.00,
46.902671,7.376270,7.377443,46.902832,7.377443,46.902832,16.10,1.00,727.85,727.82,732.44,733.69,737.00,728.00,
46.902671,7.376270,7.377478,46.902839,7.377478,46.902839,15.69,1.00,727.89,727.86,732.72,733.98,737.00,728.00,
46.902671,7.376270,7.377515,46.902839,7.377515,46.902839,16.65,1.00,727.85,727.82,732.83,734.10,737.00,728.00,
46.902671,7.376270,7.377550,46.902839,7.377550,46.902839,15.38,1.00,727.85,727.82,733.11,734.39,737.00,728.00,
46.902671,7.376270,7.377585,46.902847,7.377585,46.902847,15.69,1.00,727.81,727.77,733.29,734.58,737.00,728.00,
46.902671,7.376270,7.377624,46.902847,7.377624,46.902847,18.43,1.00,727.83,727.80,733.26,734.55,737.00,728.00,
46.902671,7.376270,7.377661,46.902847,7.377661,46.902847,17.53,1.00,727.86,727.83,733.40,734.70,737.00,729.00,
46.902671,7.376270,7.377694,46.902847,7.377694,46.902847,12.99,1.00,727.88,727.85,733.63,734.94,737.00,729.00,
46.902671,7.376270,7.377723,46.902847,7.377723,46.902847,10.80,1.00,727.83,727.80,733.71,735.02,737.00,729.00,
46.902671,7.376270,7.377752,46.902847,7.377752,46.902847,10.11,1.00,727.86,727.83,733.88,735.20,737.00,729.00,
46.902671,7.376270,7.377778,46.902854,7.377778,46.902854,9.21,0.00,728.12,728.10,734.08,735.42,737.00,729.00,
46.902671,7.376270,7.377803,46.902854,7.377803,46.902854,7.89,0.00,728.22,728.18,734.18,735.50,737.00,729.00,
46.902671,7.376270,7.377823,46.902854,7.377823,46.902854,4.72,0.00,728.26,728.25,734.22,735.57,737.00,20698.00,
46.902671,7.376270,7.377835,46.902854,7.377835,46.902854,1.90,0.00,728.46,728.43,734.42,735.75,737.00,-3885.00,
46.902671,7.376270,7.377853,46.902854,7.377853,46.902854,4.06,0.00,728.61,728.61,734.58,735.93,737.00,25722.00,
46.902671,7.376270,7.377877,46.902866,7.377877,46.902866,8.36,0.00,728.76,728.75,734.72,736.08,737.00,-20631.00,
46.902671,7.376270,7.377905,46.902866,7.377905,46.902866,10.11,0.00,728.94,728.94,734.90,736.26,737.00,-11825.00,
46.902671,7.376270,7.377932,46.902866,7.377932,46.902866,8.50,0.00,729.09,729.10,735.06,736.43,737.00,1708.00,
46.902671,7.376270,7.377965,46.902866,7.377965,46.902866,14.16,0.00,729.36,729.37,735.31,736.69,737.00,114.00,
46.902671,7.376270,7.377998,46.902866,7.377998,46.902866,12.99,0.00,729.52,729.57,735.50,736.89,737.00,1356.00,
46.902671,7.376270,7.378030,46.902866,7.378030,46.902866,12.99,0.00,729.55,729.59,735.52,736.91,737.00,2598.00,
46.902671,7.376270,7.378060,46.902866,7.378060,46.902866,10.80,0.00,729.73,729.78,735.70,737.10,737.00,9513.00,
46.902671,7.376270,7.378090,46.902873,7.378090,46.902873,12.22,0.00,729.90,729.95,735.86,737.27,737.00,14521.00,
46.902671,7.376270,7.378118,46.902873,7.378118,46.902873,9.45,0.00,730.04,730.10,736.00,737.42,737.00,25218.00,
46.902671,7.376270,7.378146,46.902873,7.378146,46.902873,9.78,0.00,730.24,730.29,736.20,737.61,737.00,-30567.00,
46.902671,7.376270,7.378182,46.902881,7.378182,46.902881,16.52,0.00,730.33,730.39,736.30,737.71,737.00,29577.00,
46.902671,7.376270,7.378219,46.902881,7.378219,46.902881,16.65,0.00,730.32,730.38,736.28,737.70,737.00,22309.00,
46.902671,7.376270,7.378255,46.902889,7.378255,46.902889,17.37,0.00,730.36,730.42,736.34,737.75,737.00,15026.00,
46.902671,7.376270,7.378293,46.902896,7.378293,46.902896,18.25,0.00,730.59,730.66,736.55,737.98,737.00,5852.00,
46.902671,7.376270,7.378331,46.902904,7.378331,46.902904,18.25,0.00,730.76,730.82,736.73,738.14,737.00,-3323.00,
46.902671,7.376270,7.378367,46.902912,7.378367,46.902912,16.94,0.00,730.78,730.84,736.74,738.16,737.00,-9661.00,
46.902671,7.376270,7.378405,46.902919,7.378405,46.902919,18.25,0.00,730.81,730.87,736.77,738.19,737.00,-18835.00,
46.902671,7.376270,7.378446,46.902931,7.378446,46.902931,22.39,0.00,730.84,730.90,736.82,738.24,737.00,30900.00,
46.902671,7.376270,7.378483,46.902938,7.378483,46.902938,18.25,0.00,730.85,730.91,736.81,738.23,737.00,21725.00,
46.902671,7.376270,7.378525,46.902946,7.378525,46.902946,21.98,0.00,730.94,730.98,736.90,738.30,737.00,4987.00,
46.902671,7.376270,7.378566,46.902961,7.378566,46.902961,24.13,0.00,731.08,731.12,737.04,738.43,737.00,-11768.00,
46.902671,7.376270,7.378606,46.902969,7.378606,46.902969,20.54,0.00,731.04,731.11,737.02,738.45,737.00,-25670.00,
46.902671,7.376270,7.378640,46.902976,7.378640,46.902976,14.48,0.00,731.18,731.25,737.14,738.57,737.00,729.00,
46.902671,7.376270,7.378668,46.902988,7.378668,46.902988,11.73,0.00,731.11,731.15,737.07,738.47,737.00,729.00,
46.902671,7.376270,7.378694,46.902996,7.378694,46.902996,8.61,0.00,731.14,731.19,737.10,738.50,737.00,729.00,
46.902671,7.376270,7.378717,46.902996,7.378717,46.902996,6.74,0.00,731.17,731.20,737.11,738.52,737.00,729.00,
46.902671,7.376270,7.378733,46.903003,7.378733,46.903003,3.97,0.00,731.13,731.21,737.09,738.53,737.00,729.00,
46.902671,7.376270,7.378744,46.903003,7.378744,46.903003,1.36,0.00,731.21,731.29,737.17,738.61,737.00,728.00,
46.902671,7.376270,7.378755,46.903011,7.378755,46.903011,2.20,0.00,731.15,731.20,737.11,738.52,737.00,728.00,
46.902671,7.376270,7.378770,46.903011,7.378770,46.903011,2.88,0.00,731.20,731.25,737.16,738.57,737.00,728.00,
46.902671,7.376270,7.378781,46.903011,7.378781,46.903011,1.62,0.00,731.13,731.21,737.09,738.53,737.00,728.00,
46.902671,7.376270,7.378801,46.903018,7.378801,46.903018,5.67,0.00,731.16,731.24,737.13,738.56,737.00,728.00,
46.902671,7.376270,7.378815,46.903018,7.378815,46.903018,2.20,0.00,731.19,731.27,737.15,738.59,737.00,728.00,
46.902671,7.376270,7.378820,46.903026,7.378820,46.903026,1.06,0.00,731.17,731.25,737.14,738.57,737.00,728.00,
46.902671,7.376270,7.378822,46.903026,7.378822,46.903026,0.04,0.00,731.16,731.23,737.12,738.55,737.00,728.00,
46.902671,7.376270,7.378823,46.903026,7.378823,46.903026,0.01,0.00,731.12,731.20,737.09,738.53,737.00,728.00,
46.902671,7.376270,7.378823,46.903026,7.378823,46.903026,0.00,0.00,731.14,731.21,737.10,738.53,737.00,728.00,
46.902671,7.376270,7.378823,46.903034,7.378823,46.903034,0.72,0.00,731.06,731.16,737.02,738.48,737.00,728.00,
46.902671,7.376270,7.378823,46.903026,7.378823,46.903026,0.72,0.00,731.09,731.17,737.06,738.49,737.00,728.00,
46.902671,7.376270,7.378823,46.903026,7.378823,46.903026,0.00,0.00,731.14,731.22,737.10,738.54,737.00,728.00,
46.902671,7.376270,7.378823,46.903026,7.378823,46.903026,0.00,0.00,731.16,731.27,737.15,738.59,737.00,728.00,
46.902671,7.376270,7.378823,46.903026,7.378823,46.903026,0.00,0.00,731.21,731.26,737.17,738.57,737.00,728.00,
46.902671,7.376270,7.378823,46.903034,7.378823,46.903034,0.72,0.00,731.29,731.34,737.25,738.66,737.00,728.00,
46.902671,7.376270,7.378825,46.903034,7.378825,46.903034,0.04,0.00,731.25,731.33,737.21,738.65,737.00,728.00,
46.902671,7.376270,7.378825,46.903034,7.378825,46.903034,0.00,0.00,731.30,731.38,737.27,738.72,737.00,728.00,
46.902671,7.376270,7.378825,46.903034,7.378825,46.903034,0.00,0.00,731.49,731.60,737.47,738.92,737.00,728.00,
46.902671,7.376270,7.378825,46.903034,7.378825,46.903034,0.00,0.00,731.39,731.44,737.34,738.76,737.00,728.00,
46.902671,7.376270,7.378827,46.903034,7.378827,46.903034,0.07,0.00,731.27,731.30,737.23,738.62,737.00,728.00,
46.902671,7.376270,7.378855,46.903041,7.378855,46.903041,10.50,0.00,731.13,731.15,737.09,738.47,737.00,728.00,
46.902671,7.376270,7.378885,46.903053,7.378885,46.903053,12.41,0.00,731.14,731.14,737.10,738.46,737.00,728.00,
46.902671,7.376270,7.378923,46.903068,7.378923,46.903068,21.30,0.00,730.80,730.78,736.76,738.10,737.00,728.00,
46.902671,7.376270,7.378961,46.903083,7.378961,46.903083,20.40,0.00,730.62,730.59,736.58,737.91,737.00,727.00,
46.902671,7.376270,7.379002,46.903099,7.379002,46.903099,23.65,0.00,730.28,730.20,736.24,737.52,737.00,727.00,
46.902671,7.376270,7.379049,46.903110,7.379049,46.903110,28.59,0.00,730.06,730.00,736.03,737.32,737.00,727.00,
46.902671,7.376270,7.379088,46.903110,7.379088,46.903110,19.35,0.00,729.71,729.60,735.67,736.92,737.00,727.00,
46.902671,7.376270,7.379122,46.903118,7.379122,46.903118,14.48,0.00,729.61,729.50,735.58,736.82,737.00,727.00,
46.902671,7.376270,7.379157,46.903125,7.379157,46.903125,15.69,0.00,729.32,729.19,735.28,736.51,737.00,726.00,
46.902671,7.376270,7.379187,46.903133,7.379187,46.903133,12.22,0.00,729.25,729.09,735.21,736.40,737.00,726.00,
46.902671,7.376270,7.379217,46.903141,7.379217,46.903141,11.51,0.00,728.97,728.82,734.93,736.14,737.00,726.00,
46.902671,7.376270,7.379253,46.903141,7.379253,46.903141,16.22,0.00,728.84,728.68,734.80,736.00,737.00,726.00,
46.902671,7.376270,7.379293,46.903148,7.379293,46.903148,20.54,0.00,728.64,728.47,734.60,735.79,737.00,726.00,
46.902671,7.376270,7.379342,46.903156,7.379342,46.903156,29.94,0.00,728.48,728.30,734.44,735.62,737.00,726.00,
46.902671,7.376270,7.379386,46.903156,7.379386,46.903156,24.82,0.00,728.31,728.09,734.27,735.41,737.00,725.00,
46.902671,7.376270,7.379431,46.903163,7.379431,46.903163,25.53,0.00,728.13,727.90,734.09,735.22,737.00,725.00,
46.903148,7.379640,7.379477,46.903175,7.379477,46.903175,27.50,1.00,735.09,735.05,733.80,734.90,737.00,725.00,
46.903148,7.379693,7.379530,46.903175,7.379530,46.903175,34.60,1.00,735.13,735.15,733.75,734.86,737.00,725.00,
46.903163,7.379784,7.379621,46.903190,7.379621,46.903190,104.26,1.00,735.17,735.09,733.76,734.84,741.20,732.00,
46.903163,7.379784,7.379621,46.903190,7.379621,46.903190,0.00,1.00,735.09,735.05,733.67,734.75,741.20,732.00,
46.903163,7.379784,7.379663,46.903190,7.379663,46.903190,22.25,1.00,735.12,735.08,733.63,734.73,741.20,732.00,
46.903163,7.379784,7.379700,46.903198,7.379700,46.903198,17.37,1.00,735.17,735.14,733.59,734.69,741.20,732.00,
46.903163,7.379784,7.379733,46.903205,7.379733,46.903205,14.48,1.00,735.13,735.10,733.54,734.64,741.20,732.00,
46.903163,7.379784,7.379801,46.903221,7.379801,46.903221,60.31,1.00,735.14,735.11,733.50,734.60,740.60,732.00,
46.903163,7.379784,7.379830,46.903232,7.379830,46.903232,11.73,0.00,735.01,734.94,733.37,734.43,740.20,732.00,
46.903163,7.379784,7.379851,46.903232,7.379851,46.903232,5.69,0.00,735.00,734.93,733.36,734.42,740.10,732.00,
46.903163,7.379784,7.379851,46.903232,7.379851,46.903232,0.00,0.00,735.01,734.95,733.37,734.44,740.10,732.00,
46.903163,7.379784,7.379868,46.903240,7.379868,46.903240,4.36,0.00,734.97,734.90,733.33,734.39,740.10,732.00,
46.903163,7.379784,7.379898,46.903247,7.379898,46.903247,11.51,0.00,735.02,734.96,733.38,734.45,739.30,731.00,
46.903163,7.379784,7.379898,46.903247,7.379898,46.903247,0.00,0.00,735.07,735.01,733.43,734.50,739.30,731.00,
46.903163,7.379784,7.379900,46.903255,7.379900,46.903255,0.76,0.00,735.06,735.00,733.43,734.49,739.20,732.00,
46.903163,7.379784,7.379900,46.903255,7.379900,46.903255,0.00,0.00,735.20,735.15,733.56,734.64,739.20,732.00,
46.903163,7.379784,7.379897,46.903255,7.379897,46.903255,0.10,0.00,735.15,735.10,733.52,734.59,739.00,732.00,
46.903163,7.379784,7.379897,46.903255,7.379897,46.903255,0.00,0.00,735.18,735.15,733.54,734.64,739.00,732.00,
46.903163,7.379784,7.379897,46.903255,7.379897,46.903255,0.00,0.00,735.26,735.24,733.62,734.73,739.00,732.00,
46.903163,7.379784,7.379895,46.903255,7.379895,46.903255,0.04,0.00,735.34,735.32,733.70,734.81,739.00,732.00,
46.903163,7.379784,7.379895,46.903255,7.379895,46.903255,0.00,0.00,735.31,735.28,733.67,734.78,739.00,732.00,
46.903163,7.379784,7.379897,46.903255,7.379897,46.903255,0.04,0.00,735.34,735.32,733.70,734.81,738.90,732.00,
46.903163,7.379784,7.379903,46.903255,7.379903,46.903255,0.47,0.00,735.50,735.46,733.86,734.95,738.90,732.00,
46.903163,7.379784,7.379893,46.903263,7.379893,46.903263,2.08,0.00,735.55,735.51,733.91,735.00,738.50,732.00,
46.903163,7.379784,7.379893,46.903263,7.379893,46.903263,0.00,0.00,735.63,735.60,734.00,735.10,738.50,732.00,
46.903163,7.379784,7.379865,46.903263,7.379865,46.903263,9.78,0.00,735.58,735.58,733.95,735.07,737.70,732.00,
46.903163,7.379784,7.379853,46.903247,7.379853,46.903247,4.49,0.00,735.49,735.48,733.86,734.97,737.30,732.00,
46.903163,7.379784,7.379835,46.903232,7.379835,46.903232,6.93,0.00,735.39,735.37,733.75,734.86,737.00,732.00,
46.903163,7.379784,7.379814,46.903221,7.379814,46.903221,7.30,0.00,735.43,735.42,733.79,734.91,736.70,732.00,
46.903163,7.379784,7.379793,46.903213,7.379793,46.903213,5.91,1.00,735.10,735.07,733.77,734.86,736.50,732.00,
46.903163,7.379784,7.379778,46.903205,7.379778,46.903205,3.59,1.00,735.21,735.20,733.83,734.92,736.20,732.00,
46.903163,7.379784,7.379773,46.903205,7.379773,46.903205,0.28,1.00,735.13,735.10,733.90,734.97,736.10,732.00,
46.903163,7.379784,7.379759,46.903205,7.379759,46.903205,2.53,1.00,735.13,735.10,733.97,735.04,736.00,732.00,
46.903163,7.379784,7.379735,46.903205,7.379735,46.903205,6.74,1.00,735.13,735.10,733.92,735.01,735.70,732.00,
46.903163,7.379784,7.379707,46.903198,7.379707,46.903198,10.83,1.00,735.16,735.13,734.04,735.14,735.40,732.00,
46.903163,7.379784,7.379670,46.903190,7.379670,46.903190,17.37,1.00,735.10,735.07,734.01,735.11,734.90,732.00,
46.903148,7.379640,7.379631,46.903182,7.379631,46.903182,19.15,1.00,735.15,735.12,734.06,735.17,734.40,732.00,
46.903141,7.379603,7.379595,46.903175,7.379595,46.903175,17.37,1.00,735.15,735.11,734.26,735.38,734.10,732.00,
46.903129,7.379567,7.379558,46.903163,7.379558,46.903163,18.27,1.00,735.15,735.14,734.38,735.50,733.80,724.00,
46.903121,7.379528,7.379519,46.903156,7.379519,46.903156,19.15,1.00,735.16,735.13,734.51,735.64,734.00,725.00,
46.903114,7.379492,7.379483,46.903148,7.379483,46.903148,16.94,1.00,735.21,735.18,734.72,735.86,733.70,725.00,
46.903114,7.379492,7.379451,46.903141,7.379451,46.903141,13.33,0.00,735.31,735.29,734.82,735.97,733.40,725.00,
46.903114,7.379492,7.379417,46.903133,7.379417,46.903133,15.28,0.00,735.35,735.33,734.86,736.01,733.50,725.00,
46.903114,7.379492,7.379384,46.903125,7.379384,46.903125,14.48,0.00,735.59,735.59,735.10,736.27,732.90,725.00,
46.903114,7.379492,7.379347,46.903125,7.379347,46.903125,16.65,0.00,735.62,735.62,735.13,736.30,732.10,725.00,
46.903114,7.379492,7.379311,46.903118,7.379311,46.903118,16.52,0.00,735.64,735.64,735.15,736.32,732.10,726.00,
46.903114,7.379492,7.379280,46.903110,7.379280,46.903110,12.95,0.00,735.82,735.83,735.33,736.51,731.70,726.00,
46.903114,7.379492,7.379250,46.903099,7.379250,46.903099,12.41,0.00,735.97,735.98,735.48,736.66,732.10,726.00,
46.903114,7.379492,7.379224,46.903091,7.379224,46.903091,9.21,0.00,736.14,736.16,735.65,736.84,732.70,726.00,
46.903114,7.379492,7.379195,46.903083,7.379195,46.903083,10.83,0.00,736.39,736.43,735.90,737.11,733.10,726.00,
46.903114,7.379492,7.379165,46.903076,7.379165,46.903076,12.22,0.00,736.54,736.58,736.05,737.26,733.20,726.00,
46.903114,7.379492,7.379136,46.903068,7.379136,46.903068,10.83,0.00,736.75,736.81,736.26,737.49,733.70,726.00,
46.903114,7.379492,7.379109,46.903060,7.379109,46.903060,9.84,0.00,737.01,737.08,736.52,737.76,733.50,727.00,
46.903114,7.379492,7.379075,46.903053,7.379075,46.903053,14.88,0.00,737.11,737.19,736.62,737.87,733.30,727.00,
46.903114,7.379492,7.379044,46.903041,7.379044,46.903041,13.85,0.00,737.41,737.53,736.94,738.21,733.30,727.00,
46.903114,7.379492,7.379013,46.903026,7.379013,46.903026,14.38,0.00,737.67,737.78,737.18,738.48,733.80,727.00,
46.903114,7.379492,7.378982,46.903018,7.378982,46.903018,12.95,0.00,737.79,737.91,737.30,738.60,733.80,727.00,
46.903114,7.379492,7.378950,46.903003,7.378950,46.903003,15.11,0.00,737.94,738.07,737.45,738.74,735.10,727.00,
46.903114,7.379492,7.378913,46.902996,7.378913,46.902996,17.37,0.00,738.06,738.19,737.57,738.87,734.80,727.00,
46.903114,7.379492,7.378887,46.902976,7.378887,46.902976,13.30,0.00,737.94,738.07,737.46,738.76,735.10,728.00,
46.903114,7.379492,7.378861,46.902961,7.378861,46.902961,10.76,0.00,738.08,738.21,737.60,738.91,735.20,728.00,
46.903114,7.379492,7.378833,46.902946,7.378833,46.902946,12.99,0.00,738.02,738.15,737.53,738.83,735.60,728.00,
46.903114,7.379492,7.378795,46.902946,7.378795,46.902946,17.53,0.00,737.88,738.00,737.39,738.68,735.80,728.00,
46.903114,7.379492,7.378756,46.902946,7.378756,46.902946,18.43,0.00,737.89,738.01,737.40,738.69,735.80,728.00,
46.903114,7.379492,7.378726,46.902938,7.378726,46.902938,12.22,0.00,737.73,737.84,737.23,738.52,736.30,728.00,
46.903114,7.379492,7.378695,46.902931,7.378695,46.902931,12.95,0.00,737.71,737.82,737.22,738.50,734.80,728.00,
46.903114,7.379492,7.378668,46.902931,7.378668,46.902931,8.50,0.00,737.76,737.88,737.27,738.55,734.70,729.00,
46.903114,7.379492,7.378639,46.902919,7.378639,46.902919,12.41,0.00,737.84,737.96,737.35,738.64,734.40,-24324.00,
46.903114,7.379492,7.378602,46.902919,7.378602,46.902919,16.65,0.00,737.74,737.86,737.25,738.54,734.50,-17056.00,
46.903114,7.379492,7.378575,46.902919,7.378575,46.902919,9.12,0.00,737.67,737.78,737.18,738.46,734.10,-28699.00,
46.903114,7.379492,7.378545,46.902912,7.378545,46.902912,11.51,0.00,737.41,737.51,736.92,738.19,734.00,29938.00,
46.903114,7.379492,7.378514,46.902912,7.378514,46.902912,12.23,0.00,737.29,737.38,736.80,738.06,733.70,26805.00,
46.903114,7.379492,7.378477,46.902912,7.378477,46.902912,16.65,0.00,737.13,737.21,736.64,737.89,733.10,-31463.00,
46.903114,7.379492,7.378438,46.902904,7.378438,46.902904,19.15,0.00,737.01,737.06,736.53,737.74,732.70,-20398.00,
46.903114,7.379492,7.378400,46.902904,7.378400,46.902904,18.43,0.00,736.93,736.97,736.44,737.65,732.70,-9348.00,
46.903114,7.379492,7.378368,46.902904,7.378368,46.902904,12.61,0.00,736.93,736.98,736.44,737.66,732.20,-11536.00,
46.903114,7.379492,7.378334,46.902904,7.378334,46.902904,13.76,0.00,736.85,736.86,736.36,737.51,732.00,-10887.00,
46.903114,7.379492,7.378303,46.902904,7.378303,46.902904,12.23,0.00,736.72,736.72,736.23,737.38,731.20,-14020.00,
46.903114,7.379492,7.378273,46.902896,7.378273,46.902896,11.51,0.00,736.57,736.57,736.07,737.23,730.80,-20919.00,
46.903114,7.379492,7.378240,46.902896,7.378240,46.902896,13.76,0.00,736.37,736.35,735.88,737.03,730.60,-20270.00,
46.903114,7.379492,7.378200,46.902896,7.378200,46.902896,19.82,0.00,736.02,735.98,735.58,736.71,730.50,-6384.00,
46.903114,7.379492,7.378164,46.902896,7.378164,46.902896,16.22,0.00,735.91,735.84,735.42,736.52,729.90,-62.00,
46.903114,7.379492,7.378125,46.902896,7.378125,46.902896,18.43,0.00,735.68,735.62,735.19,736.30,729.30,10987.00,
46.903114,7.379492,7.378083,46.902896,7.378083,46.902896,21.75,0.00,735.44,735.37,734.95,736.05,729.00,28655.00,
46.903114,7.379492,7.378044,46.902896,7.378044,46.902896,19.35,0.00,735.18,735.10,734.69,735.78,728.40,-23940.00,
46.903114,7.379492,7.378007,46.902896,7.378007,46.902896,16.65,0.00,734.95,734.86,734.46,735.54,727.60,-16673.00,
46.903114,7.379492,7.377968,46.902896,7.377968,46.902896,18.43,0.00,734.85,734.75,734.36,735.43,727.00,-5623.00,
46.903114,7.379492,7.377929,46.902889,7.377929,46.902889,20.07,0.00,734.83,734.70,734.34,735.38,726.40,7333.00,
46.903114,7.379492,7.377892,46.902889,7.377892,46.902889,16.65,0.00,734.68,734.54,734.19,735.22,726.40,14601.00,
46.903114,7.379492,7.377855,46.902889,7.377855,46.902889,16.65,0.00,734.47,734.32,733.98,735.00,725.50,21868.00,
46.903114,7.379492,7.377822,46.902881,7.377822,46.902881,14.48,0.00,734.23,734.07,733.74,734.75,724.70,729.00,
46.903114,7.379492,7.377788,46.902873,7.377788,46.902873,14.88,0.00,733.98,733.80,733.49,734.48,723.90,729.00,
46.903114,7.379492,7.377752,46.902866,7.377752,46.902866,16.94,0.00,733.87,733.66,733.38,734.34,723.30,729.00,
46.903114,7.379492,7.377703,46.902854,7.377703,46.902854,31.41,0.00,733.62,733.40,733.14,734.08,723.00,729.00,
46.903114,7.379492,7.377653,46.902847,7.377653,46.902847,31.10,0.00,733.53,733.28,733.04,733.96,723.40,729.00,
46.903114,7.379492,7.377602,46.902839,7.377602,46.902839,32.87,0.00,733.32,733.06,732.83,733.77,723.30,728.00,
46.903114,7.379492,7.377548,46.902832,7.377548,46.902832,36.58,0.00,733.18,732.90,732.70,733.58,723.20,728.00,
46.903114,7.379492,7.377503,46.902824,7.377503,46.902824,25.53,0.00,733.12,732.85,732.66,733.53,722.70,728.00,
46.903114,7.379492,7.377464,46.902816,7.377464,46.902816,20.07,0.00,732.94,732.63,732.45,733.31,722.00,728.00,
46.903114,7.379492,7.377426,46.902816,7.377426,46.902816,17.53,0.00,732.78,732.49,732.30,733.17,721.20,728.00,
46.903114,7.379492,7.377394,46.902797,7.377394,46.902797,17.48,0.00,732.72,732.39,732.22,733.07,720.10,728.00,
46.903114,7.379492,7.377363,46.902790,7.377363,46.902790,12.22,0.00,732.58,732.25,732.09,732.93,719.10,727.00,
46.903114,7.379492,7.377334,46.902774,7.377334,46.902774,13.67,0.00,732.37,732.03,731.88,732.71,718.00,727.00,
46.903114,7.379492,7.377298,46.902767,7.377298,46.902767,16.52,0.00,732.35,732.01,731.86,732.69,717.70,727.00,
46.903114,7.379492,7.377255,46.902759,7.377255,46.902759,22.97,0.00,731.96,731.60,731.47,732.28,718.30,727.00,
46.903114,7.379492,7.377208,46.902744,7.377208,46.902744,30.40,0.00,731.65,731.24,731.16,731.92,718.60,727.00,
46.903114,7.379492,7.377161,46.902732,7.377161,46.902732,28.59,0.00,731.53,731.12,731.05,731.80,718.40,727.00,
46.903114,7.379492,7.377122,46.902717,7.377122,46.902717,22.22,0.00,731.36,730.94,730.87,731.62,718.60,726.00,
46.903114,7.379492,7.377080,46.902717,7.377080,46.902717,21.26,0.00,731.19,730.73,730.70,731.41,718.60,726.00,
46.903114,7.379492,7.377045,46.902709,7.377045,46.902709,16.52,0.00,731.09,730.63,730.60,731.30,718.30,726.00,
46.903114,7.379492,7.377021,46.902694,7.377021,46.902694,9.62,0.00,731.02,730.53,730.54,731.21,718.60,726.00,
46.903114,7.379492,7.376984,46.902687,7.376984,46.902687,18.25,0.00,730.93,730.43,730.44,731.11,718.70,726.00,
46.903114,7.379492,7.376947,46.902675,7.376947,46.902675,18.27,0.00,730.89,730.39,730.40,731.07,718.70,724.00,
46.903114,7.379492,7.376920,46.902660,7.376920,46.902660,12.00,0.00,730.50,729.95,730.01,730.63,721.60,724.00,
46.903114,7.379492,7.376893,46.902652,7.376893,46.902652,9.53,0.00,730.25,729.68,729.75,730.35,722.40,724.00,
46.903114,7.379492,7.376870,46.902652,7.376870,46.902652,6.74,0.00,730.15,729.56,729.66,730.24,722.20,724.00,
46.903114,7.379492,7.376841,46.902645,7.376841,46.902645,10.83,0.00,730.07,729.47,729.58,730.15,722.60,724.00,
46.903114,7.379492,7.376814,46.902652,7.376814,46.902652,9.84,0.00,729.91,729.30,729.42,729.98,722.50,724.00,
46.903114,7.379492,7.376776,46.902652,7.376776,46.902652,17.53,0.00,729.80,729.15,729.31,729.83,722.70,724.00,
46.903114,7.379492,7.376739,46.902660,7.376739,46.902660,18.25,0.00,729.66,728.98,729.17,729.66,722.10,724.00,
46.903114,7.379492,7.376705,46.902652,7.376705,46.902652,14.88,0.00,729.40,728.74,728.91,729.42,721.70,724.00,
46.903114,7.379492,7.376671,46.902660,7.376671,46.902660,14.48,0.00,729.30,728.60,728.81,729.28,721.90,724.00,
46.903114,7.379492,7.376635,46.902660,7.376635,46.902660,16.65,0.00,729.13,728.42,728.64,729.10,722.20,723.00,
46.903114,7.379492,7.376603,46.902660,7.376603,46.902660,12.23,0.00,729.08,728.35,728.59,729.03,722.20,723.00,
46.903114,7.379492,7.376572,46.902660,7.376572,46.902660,12.23,0.00,728.94,728.20,728.45,728.87,722.10,723.00,
46.903114,7.379492,7.376535,46.902660,7.376535,46.902660,16.65,0.00,728.76,727.98,728.27,728.66,722.20,723.00,
46.903114,7.379492,7.376501,46.902667,7.376501,46.902667,15.28,0.00,728.45,727.66,727.96,728.34,722.30,723.00,
46.903114,7.379492,7.376462,46.902675,7.376462,46.902675,19.15,0.00,728.39,727.60,727.90,728.27,722.60,723.00,
46.902671,7.376270,7.376422,46.902675,7.376422,46.902675,19.82,1.00,727.83,727.80,727.80,728.17,722.60,723.00,
46.902683,7.376237,7.376389,46.902687,7.376389,46.902687,14.60,1.00,727.77,727.74,727.68,728.02,722.80,723.00,
46.902683,7.376210,7.376362,46.902687,7.376362,46.902687,9.12,1.00,727.84,727.80,727.39,727.71,722.90,722.00,
46.902690,7.376180,7.376332,46.902694,7.376332,46.902694,12.22,1.00,727.77,727.74,727.06,727.36,723.10,722.00,
46.902698,7.376150,7.376302,46.902702,7.376302,46.902702,11.51,1.00,727.81,727.77,726.66,726.93,722.90,722.00,
46.902706,7.376116,7.376268,46.902709,7.376268,46.902709,14.88,1.00,727.81,727.75,726.38,726.64,722.80,722.00,
46.902706,7.376116,7.376237,46.902717,7.376237,46.902717,12.95,1.00,727.82,727.76,725.95,726.16,722.40,722.00,
46.902706,7.376116,7.376204,46.902732,7.376204,46.902732,16.64,1.00,727.80,727.77,725.59,725.79,722.60,722.00,
46.902706,7.376116,7.376168,46.902751,7.376168,46.902751,20.29,1.00,727.82,727.79,725.18,725.35,722.60,722.00,
46.902706,7.376116,7.376128,46.902767,7.376128,46.902767,22.22,1.00,727.80,727.77,724.91,725.07,722.80,-6264.00,
46.902706,7.376116,7.376086,46.902782,7.376086,46.902782,24.62,0.00,727.21,727.12,724.32,724.42,722.60,-20314.00,
46.902706,7.376116,7.376039,46.902790,7.376039,46.902790,27.69,0.00,726.69,726.57,723.80,723.87,722.40,14646.00,
46.902706,7.376116,7.375997,46.902809,7.375997,46.902809,26.74,0.00,726.30,726.12,723.41,723.42,721.80,-1040.00,
46.902706,7.376116,7.375956,46.902824,7.375956,46.902824,23.65,0.00,725.78,725.58,722.89,722.88,720.10,-11790.00,
46.902706,7.376116,7.375914,46.902832,7.375914,46.902832,22.97,0.00,725.32,725.09,722.43,722.39,719.30,-27518.00,
46.902706,7.376116,7.375873,46.902839,7.375873,46.902839,21.49,0.00,724.72,724.44,721.83,721.74,718.70,27240.00,
46.902706,7.376116,7.375832,46.902847,7.375832,46.902847,21.01,0.00,724.11,723.77,721.22,721.07,718.20,18111.00,
46.902706,7.376116,7.375788,46.902847,7.375788,46.902847,23.77,0.00,723.70,723.33,720.81,720.63,717.20,-2594.00,
46.902706,7.376116,7.375743,46.902854,7.375743,46.902854,25.53,0.00,723.33,722.92,720.44,720.22,716.90,-26571.00,
46.902706,7.376116,7.375703,46.902866,7.375703,46.902866,21.91,0.00,722.69,722.22,719.80,719.52,715.10,29851.00,
46.902706,7.376116,7.375656,46.902873,7.375656,46.902873,27.69,0.00,722.11,721.61,719.22,718.91,714.60,-725.00,
46.902706,7.376116,7.375610,46.902881,7.375610,46.902881,26.60,0.00,721.72,721.17,718.78,718.42,714.10,-28000.00,
46.902706,7.376116,7.375566,46.902896,7.375566,46.902896,26.65,0.00,720.91,720.32,718.02,717.62,713.30,16887.00,
46.902706,7.376116,7.375528,46.902912,7.375528,46.902912,21.30,0.00,720.52,719.93,717.63,717.23,713.00,14385.00,
46.902706,7.376116,7.375490,46.902931,7.375490,46.902931,22.02,0.00,720.03,719.39,717.14,716.69,712.70,15197.00,
46.902706,7.376116,7.375457,46.902938,7.375457,46.902938,14.48,0.00,719.39,718.71,716.50,716.01,711.10,30814.00,
46.902706,7.376116,7.375428,46.902946,7.375428,46.902946,10.83,0.00,718.83,718.12,715.97,715.45,710.00,-2607.00,
46.902706,7.376116,7.375400,46.902961,7.375400,46.902961,12.99,0.00,718.30,717.53,715.38,714.80,709.20,29536.00,
46.902706,7.376116,7.375363,46.902969,7.375363,46.902969,16.94,0.00,717.73,716.92,714.83,714.22,709.20,-30281.00,
46.902706,7.376116,7.375326,46.902976,7.375326,46.902976,18.25,0.00,717.29,716.48,714.40,713.78,709.10,-29511.00,
46.902706,7.376116,7.375287,46.902976,7.375287,46.902976,18.43,0.00,716.87,716.03,713.98,713.33,708.90,-32069.00,
46.902706,7.376116,7.375248,46.902988,7.375248,46.902988,20.04,0.00,716.38,715.49,713.49,712.79,708.50,716.00,
46.902706,7.376116,7.375208,46.902996,7.375208,46.902996,20.54,0.00,715.83,714.91,712.94,712.21,708.40,715.00,
46.902706,7.376116,7.375160,46.902996,7.375160,46.902996,29.22,0.00,715.32,714.37,712.43,711.67,707.90,715.00,
46.902706,7.376116,7.375108,46.903003,7.375108,46.903003,34.09,0.00,714.47,713.47,711.58,710.77,707.80,714.00,
46.902706,7.376116,7.375058,46.903003,7.375058,46.903003,30.38,0.00,713.66,712.62,710.77,709.92,707.60,714.00,
46.902706,7.376116,7.375003,46.903011,7.375003,46.903011,38.51,0.00,713.12,712.04,710.23,709.34,708.00,713.00,
46.902706,7.376116,7.374953,46.903011,7.374953,46.903011,30.38,0.00,712.62,711.52,709.73,708.82,708.20,713.00,
46.902706,7.376116,7.374901,46.903018,7.374901,46.903018,34.09,0.00,712.10,710.97,709.21,708.27,708.20,713.00,
46.902706,7.376116,7.374846,46.903026,7.374846,46.903026,37.86,0.00,711.89,710.75,708.98,708.04,708.70,712.00,
46.902706,7.376116,7.374796,46.903034,7.374796,46.903034,31.68,0.00,711.28,710.11,708.39,707.41,708.80,712.00,
46.902706,7.376116,7.374742,46.903041,7.374742,46.903041,37.86,0.00,710.68,709.48,707.79,706.78,709.20,711.00,
46.902706,7.376116,7.374692,46.903053,7.374692,46.903053,31.99,0.00,710.26,709.03,707.37,706.34,709.70,711.00,
46.902706,7.376116,7.374645,46.903060,7.374645,46.903060,28.25,0.00,709.96,708.72,707.07,706.01,710.20,710.00,
46.902706,7.376116,7.374600,46.903076,7.374600,46.903076,27.17,0.00,709.40,708.13,706.51,705.43,710.30,710.00,
46.902706,7.376116,7.374556,46.903083,7.374556,46.903083,25.53,0.00,709.12,707.81,706.25,705.12,710.40,709.00,
46.902706,7.376116,7.374510,46.903110,7.374510,46.903110,34.69,0.00,708.68,707.37,705.79,704.67,710.00,709.00,
46.902706,7.376116,7.374463,46.903125,7.374463,46.903125,29.85,0.00,708.39,707.06,705.50,704.37,708.80,708.00,
46.902706,7.376116,7.374423,46.903141,7.374423,46.903141,22.69,0.00,708.23,706.89,705.34,704.19,708.70,708.00,
46.902706,7.376116,7.374389,46.903163,7.374389,46.903163,21.03,0.00,708.15,706.81,705.26,704.11,708.10,708.00,
46.902706,7.376116,7.374358,46.903182,7.374358,46.903182,16.00,0.00,708.14,706.79,705.25,704.10,707.70,707.00,
46.902706,7.376116,7.374330,46.903205,7.374330,46.903205,16.58,0.00,707.94,706.59,705.05,703.89,707.10,707.00,
46.902706,7.376116,7.374305,46.903221,7.374305,46.903221,10.18,0.00,707.64,706.27,704.75,703.58,706.30,708.00,
46.902706,7.376116,7.374283,46.903240,7.374283,46.903240,10.70,0.00,707.54,706.16,704.65,703.47,705.30,707.00,
46.902706,7.376116,7.374258,46.903255,7.374258,46.903255,10.18,0.00,707.42,706.06,704.53,703.36,704.70,707.00,
46.902706,7.376116,7.374237,46.903270,7.374237,46.903270,8.56,0.00,707.09,705.71,704.20,703.01,704.40,707.00,
46.902706,7.376116,7.374214,46.903278,7.374214,46.903278,7.46,0.00,707.27,705.88,704.38,703.18,704.00,707.00,
46.902706,7.376116,7.374190,46.903297,7.374190,46.903297,11.24,0.00,707.08,705.68,704.19,702.98,703.50,706.00,
46.902706,7.376116,7.374160,46.903305,7.374160,46.903305,12.22,0.00,706.96,705.56,704.07,702.86,703.00,706.00,
46.902706,7.376116,7.374126,46.903312,7.374126,46.903312,14.88,0.00,706.69,705.26,703.79,702.56,702.60,706.00,
46.902706,7.376116,7.374089,46.903320,7.374089,46.903320,17.81,0.00,706.51,705.06,703.62,702.36,702.30,706.00,
46.902706,7.376116,7.374048,46.903327,7.374048,46.903327,21.49,0.00,706.34,704.87,703.45,702.16,702.10,705.00,
46.902706,7.376116,7.374006,46.903335,7.374006,46.903335,21.98,0.00,705.94,704.45,703.05,701.75,701.90,705.00,
46.902706,7.376116,7.373969,46.903343,7.373969,46.903343,18.25,0.00,705.80,704.31,702.93,701.62,701.60,704.00,
46.902706,7.376116,7.373932,46.903343,7.373932,46.903343,16.65,0.00,705.60,704.10,702.71,701.40,701.30,704.00,
46.902706,7.376116,7.373898,46.903354,7.373898,46.903354,15.38,0.00,705.36,703.85,702.44,701.12,701.10,704.00,
46.902706,7.376116,7.373864,46.903362,7.373864,46.903362,15.69,0.00,704.98,703.47,702.12,700.77,701.00,704.00,
46.902706,7.376116,7.373825,46.903369,7.373825,46.903369,19.15,0.00,704.80,703.25,701.91,700.55,700.70,703.00,
46.903400,7.373490,7.373785,46.903377,7.373785,46.903377,20.07,1.00,700.71,700.67,701.53,700.15,700.50,703.00,
46.903400,7.373490,7.373744,46.903392,7.373744,46.903392,23.65,1.00,700.85,700.82,701.28,699.92,700.20,702.00,
46.903400,7.373490,7.373705,46.903400,7.373705,46.903400,20.07,1.00,700.75,700.72,701.24,699.87,700.10,702.00,
46.903400,7.373490,7.373665,46.903408,7.373665,46.903408,20.07,1.00,700.83,700.80,701.03,699.65,699.90,701.00,
46.903411,7.373449,7.373625,46.903419,7.373625,46.903419,21.91,1.00,700.79,700.75,700.85,699.46,699.70,701.00,
46.903419,7.373406,7.373582,46.903427,7.373582,46.903427,23.47,1.00,700.77,700.72,700.46,699.02,699.60,700.00,
46.903427,7.373361,7.373536,46.903434,7.373536,46.903434,26.60,1.00,700.80,700.77,700.18,698.76,699.50,700.00,
46.903427,7.373316,7.373491,46.903434,7.373491,46.903434,24.82,1.00,700.83,700.80,700.24,698.82,699.40,700.00,
46.903427,7.373316,7.373446,46.903450,7.373446,46.903450,27.69,1.00,700.73,700.69,700.03,698.60,699.20,699.00,
46.903427,7.373316,7.373400,46.903450,7.373400,46.903450,26.97,1.00,700.82,700.78,699.78,698.32,699.20,699.00,
46.903427,7.373316,7.373352,46.903457,7.373352,46.903457,28.80,1.00,700.77,700.74,699.53,698.05,699.00,699.00,
46.903427,7.373316,7.373298,46.903465,7.373298,46.903465,36.58,0.00,700.42,700.37,699.18,697.70,698.80,698.00,
46.903427,7.373316,7.373243,46.903476,7.373243,46.903476,38.76,0.00,699.98,699.90,698.73,697.23,698.40,698.00,
46.903427,7.373316,7.373183,46.903484,7.373183,46.903484,45.31,0.00,699.47,699.37,698.22,696.68,698.00,697.00,
46.903427,7.373316,7.373121,46.903491,7.373121,46.903491,48.18,0.00,699.17,699.02,697.87,696.30,697.40,1307.00,
46.903427,7.373316,7.373058,46.903507,7.373058,46.903507,52.56,0.00,698.67,698.50,697.41,695.83,696.90,953.00,
46.903427,7.373316,7.372995,46.903514,7.372995,46.903514,49.65,0.00,698.11,697.94,696.87,695.26,696.40,601.00,
46.903427,7.373316,7.372928,46.903522,7.372928,46.903522,56.55,0.00,697.52,697.31,696.27,694.63,695.90,225.00,
46.903427,7.373316,7.372859,46.903541,7.372859,46.903541,63.54,0.00,697.08,696.82,695.83,694.15,695.30,-161.00,
46.903427,7.373316,7.372786,46.903556,7.372786,46.903556,66.91,0.00,696.91,696.65,695.67,693.97,694.90,695.00,
46.903427,7.373316,7.372711,46.903564,7.372711,46.903564,70.83,0.00,696.49,696.21,695.25,693.53,694.50,694.00,
46.903427,7.373316,7.372637,46.903579,7.372637,46.903579,71.22,0.00,696.04,695.73,694.80,693.06,693.90,694.00,
46.903427,7.373316,7.372560,46.903598,7.372560,46.903598,78.20,0.00,695.19,694.84,693.95,692.16,693.30,693.00,
46.903427,7.373316,7.372481,46.903606,7.372481,46.903606,76.26,0.00,694.57,694.18,693.32,691.50,692.80,693.00,
46.903427,7.373316,7.372405,46.903621,7.372405,46.903621,74.77,0.00,694.09,693.65,692.85,690.98,692.30,692.00,
46.903427,7.373316,7.372332,46.903629,7.372332,46.903629,67.33,0.00,693.76,693.31,692.52,690.63,691.80,692.00,
46.903427,7.373316,7.372260,46.903636,7.372260,46.903636,64.76,0.00,693.48,693.01,692.23,690.32,691.40,692.00,
46.903427,7.373316,7.372188,46.903644,7.372188,46.903644,63.91,0.00,692.74,692.22,691.49,689.55,691.00,691.00,
46.903427,7.373316,7.372120,46.903652,7.372120,46.903652,57.35,0.00,692.17,691.63,690.93,688.96,690.70,691.00,
46.903427,7.373316,7.372050,46.903652,7.372050,46.903652,61.52,0.00,691.75,691.18,690.51,688.51,690.50,690.00,
46.903427,7.373316,7.371980,46.903652,7.371980,46.903652,60.69,0.00,691.44,690.88,690.18,688.19,690.20,690.00,
46.903427,7.373316,7.371910,46.903652,7.371910,46.903652,60.69,0.00,690.96,690.38,689.71,687.70,689.80,690.00,
46.903427,7.373316,7.371840,46.903652,7.371840,46.903652,59.05,0.00,690.44,689.82,689.19,687.15,689.20,689.00,
46.903427,7.373316,7.371770,46.903644,7.371770,46.903644,61.41,0.00,690.26,689.64,689.01,686.97,688.60,689.00,
46.903427,7.373316,7.371705,46.903644,7.371705,46.903644,52.71,0.00,689.83,689.18,688.58,686.51,688.20,689.00,
46.903427,7.373316,7.371638,46.903636,7.371638,46.903636,56.55,0.00,688.80,688.09,687.55,685.42,687.50,688.00,
46.903427,7.373316,7.371572,46.903629,7.371572,46.903629,54.20,0.00,688.19,687.43,686.94,684.76,686.90,687.00,
46.903427,7.373316,7.371505,46.903621,7.371505,46.903621,56.55,0.00,688.05,687.28,686.80,684.61,686.40,687.00,
46.903518,7.371150,7.371442,46.903606,7.371442,46.903606,51.81,1.00,685.22,685.18,686.84,684.65,685.70,687.00,
46.903518,7.371150,7.371379,46.903598,7.371379,46.903598,48.92,1.00,685.16,685.12,686.30,684.06,685.20,686.00,
46.903518,7.371150,7.371324,46.903587,7.371324,46.903587,40.06,1.00,685.25,685.22,685.97,683.74,684.70,686.00,
46.903518,7.371150,7.371267,46.903572,7.371267,46.903572,42.65,1.00,685.14,685.11,685.30,683.03,684.10,686.00,
46.903503,7.371095,7.371212,46.903556,7.371212,46.903556,40.67,1.00,685.23,685.20,685.09,682.81,683.70,685.00,
46.903488,7.371040,7.371157,46.903541,7.371157,46.903541,40.02,1.00,685.13,685.09,684.33,681.96,683.10,685.00,
46.903469,7.370985,7.371102,46.903522,7.371102,46.903522,41.64,1.00,685.15,685.09,683.83,681.46,682.60,685.00,
46.903469,7.370985,7.371040,46.903514,7.371040,46.903514,48.18,1.00,685.12,685.10,683.51,681.14,682.10,684.00,
46.903469,7.370985,7.370972,46.903499,7.370972,46.903499,60.31,1.00,685.25,685.22,683.48,681.12,681.70,684.00,
46.903469,7.370985,7.370902,46.903491,7.370902,46.903491,61.41,0.00,684.71,684.65,682.96,680.54,681.40,684.00,
46.903469,7.370985,7.370830,46.903484,7.370830,46.903484,63.91,0.00,684.22,684.13,682.47,680.03,681.10,683.00,
46.903469,7.370985,7.370760,46.903484,7.370760,46.903484,60.69,0.00,683.89,683.79,682.14,679.71,680.80,683.00,
46.903469,7.370985,7.370692,46.903476,7.370692,46.903476,58.15,0.00,683.59,683.47,681.84,679.39,680.30,683.00,
46.903469,7.370985,7.370624,46.903484,7.370624,46.903484,58.15,0.00,683.18,683.03,681.42,678.94,679.80,682.00,
46.903469,7.370985,7.370552,46.903484,7.370552,46.903484,64.04,0.00,683.02,682.87,681.27,678.79,679.30,682.00,
46.903469,7.370985,7.370476,46.903476,7.370476,46.903476,70.83,0.00,682.91,682.76,681.16,678.67,678.90,556.00,
46.903469,7.370985,7.370402,46.903457,7.370402,46.903457,72.84,0.00,682.56,682.38,680.81,678.30,678.30,660.00,
46.903469,7.370985,7.370330,46.903450,7.370330,46.903450,64.76,0.00,682.09,681.89,680.34,677.81,677.90,761.00,
46.903469,7.370985,7.370264,46.903442,7.370264,46.903442,54.98,0.00,681.89,681.68,680.14,677.60,677.50,680.00,
46.903469,7.370985,7.370202,46.903434,7.370202,46.903434,48.18,0.00,681.32,681.08,679.57,676.99,677.00,680.00,
46.903469,7.370985,7.370145,46.903419,7.370145,46.903419,42.65,0.00,680.87,680.61,679.12,676.53,676.60,680.00,
46.903469,7.370985,7.370090,46.903400,7.370090,46.903400,42.28,0.00,680.57,680.29,678.82,676.21,676.00,680.00,
46.903469,7.370985,7.370037,46.903385,7.370037,46.903385,37.48,0.00,680.57,680.30,678.83,676.22,675.60,679.00,
46.903469,7.370985,7.369978,46.903369,7.369978,46.903369,45.37,0.00,680.46,680.18,678.71,676.09,675.30,679.00,
46.903469,7.370985,7.369918,46.903343,7.369918,46.903343,53.40,0.00,680.49,680.20,678.74,676.12,674.90,679.00,
46.903469,7.370985,7.369852,46.903327,7.369852,46.903327,57.14,0.00,680.47,680.18,678.72,676.10,674.80,679.00,
46.903469,7.370985,7.369783,46.903312,7.369783,46.903312,60.31,0.00,680.41,680.12,678.66,676.04,674.60,678.00,
46.903469,7.370985,7.369715,46.903297,7.369715,46.903297,60.31,0.00,680.47,680.21,678.72,676.12,674.40,678.00,
46.903469,7.370985,7.369657,46.903270,7.369657,46.903270,51.30,0.00,680.70,680.46,678.96,676.37,674.70,678.00,
46.903469,7.370985,7.369598,46.903255,7.369598,46.903255,44.68,0.00,680.66,680.41,678.91,676.32,675.00,677.00,
46.903469,7.370985,7.369542,46.903232,7.369542,46.903232,46.24,0.00,680.50,680.24,678.73,676.10,675.40,677.00,
46.903469,7.370985,7.369486,46.903205,7.369486,46.903205,46.60,0.00,680.33,680.06,678.60,675.99,675.50,677.00,
46.903469,7.370985,7.369441,46.903190,7.369441,46.903190,27.69,0.00,680.28,680.02,678.58,675.97,675.60,677.00,
46.903469,7.370985,7.369406,46.903182,7.369406,46.903182,16.10,0.00,680.19,679.95,678.48,675.87,675.70,677.00,
46.903469,7.370985,7.369379,46.903175,7.369379,46.903175,10.17,0.00,680.03,679.75,678.28,675.66,675.70,677.00,
46.903469,7.370985,7.369353,46.903175,7.369353,46.903175,7.89,0.00,679.97,679.68,678.22,675.60,675.70,676.00,
46.903469,7.370985,7.369333,46.903175,7.369333,46.903175,5.19,0.00,679.88,679.56,678.13,675.48,675.70,676.00,
46.903469,7.370985,7.369317,46.903182,7.369317,46.903182,3.97,0.00,679.83,679.51,678.09,675.43,675.60,676.00,
46.903469,7.370985,7.369300,46.903182,7.369300,46.903182,3.25,0.00,679.88,679.56,678.13,675.48,675.70,676.00,
46.903469,7.370985,7.369290,46.903182,7.369290,46.903182,1.24,0.00,679.88,679.56,678.13,675.48,675.50,676.00,
46.903469,7.370985,7.369283,46.903182,7.369283,46.903182,0.63,0.00,679.86,679.54,678.11,675.46,675.30,676.00,
46.903469,7.370985,7.369280,46.903182,7.369280,46.903182,0.14,0.00,679.99,679.68,678.24,675.59,675.30,676.00,
46.903469,7.370985,7.369277,46.903182,7.369277,46.903182,0.10,0.00,679.80,679.48,678.06,675.40,675.00,676.00,
46.903469,7.370985,7.369275,46.903182,7.369275,46.903182,0.04,0.00,679.71,679.38,677.96,675.30,675.00,676.00,
46.903469,7.370985,7.369273,46.903182,7.369273,46.903182,0.07,0.00,679.58,679.25,677.84,675.17,675.00,676.00,
46.903469,7.370985,7.369269,46.903182,7.369269,46.903182,0.18,0.00,679.68,679.35,677.93,675.27,675.00,676.00,
46.903469,7.370985,7.369269,46.903182,7.369269,46.903182,0.00,0.00,679.68,679.33,677.93,675.25,675.00,676.00,
46.903469,7.370985,7.369267,46.903182,7.369267,46.903182,0.04,0.00,679.68,679.33,677.93,675.25,675.00,676.00,
46.903469,7.370985,7.369265,46.903182,7.369265,46.903182,0.07,0.00,679.61,679.25,677.86,675.14,675.00,676.00,
46.903469,7.370985,7.369260,46.903190,7.369260,46.903190,1.00,0.00,679.78,679.43,678.00,675.32,675.00,676.00,
46.903469,7.370985,7.369256,46.903182,7.369256,46.903182,0.86,0.00,679.77,679.40,678.01,675.30,674.90,676.00,
46.903469,7.370985,7.369252,46.903190,7.369252,46.903190,1.00,0.00,679.73,679.39,678.01,675.31,674.90,676.00,
46.903469,7.370985,7.369243,46.903190,7.369243,46.903190,0.91,0.00,679.79,679.42,678.04,675.34,674.90,676.00,
46.903469,7.370985,7.369220,46.903198,7.369220,46.903198,7.46,0.00,679.76,679.39,678.01,675.30,674.90,676.00,
46.903469,7.370985,7.369184,46.903213,7.369184,46.903213,19.10,0.00,679.65,679.29,677.90,675.21,674.80,676.00,
46.903469,7.370985,7.369152,46.903240,7.369152,46.903240,21.41,0.00,679.49,679.10,677.74,675.02,674.60,675.00,
46.903469,7.370985,7.369120,46.903270,7.369120,46.903270,23.74,0.00,679.95,679.59,678.20,675.50,674.60,675.00,
46.903469,7.370985,7.369087,46.903305,7.369087,46.903305,28.32,0.00,679.78,679.39,678.03,675.30,674.30,675.00,
46.903469,7.370985,7.369051,46.903335,7.369051,46.903335,27.30,0.00,679.35,678.93,677.60,674.85,674.30,675.00,
46.903469,7.370985,7.369019,46.903369,7.369019,46.903369,27.55,0.00,678.86,678.42,677.11,674.34,674.10,675.00,
46.903469,7.370985,7.368985,46.903400,7.368985,46.903400,25.27,0.00,678.60,678.15,676.85,674.07,674.20,675.00,
46.903469,7.370985,7.368950,46.903442,7.368950,46.903442,36.72,0.00,678.04,677.55,676.29,673.45,673.90,674.00,
46.903469,7.370985,7.368914,46.903476,7.368914,46.903476,31.21,0.00,677.89,677.40,676.14,673.32,673.80,674.00,
46.903469,7.370985,7.368876,46.903514,7.368876,46.903514,35.50,0.00,677.49,676.98,675.74,672.89,673.50,674.00,
46.903469,7.370985,7.368836,46.903556,7.368836,46.903556,41.10,0.00,677.33,676.78,675.58,672.70,673.30,674.00,
46.903469,7.370985,7.368795,46.903587,7.368795,46.903587,32.76,0.00,677.51,676.98,675.77,672.90,673.10,674.00,
46.903469,7.370985,7.368752,46.903629,7.368752,46.903629,44.50,0.00,677.41,676.87,675.66,672.79,672.80,674.00,
46.903469,7.370985,7.368708,46.903671,7.368708,46.903671,45.52,0.00,677.12,676.56,675.37,672.48,672.60,673.00,
46.903469,7.370985,7.368661,46.903701,7.368661,46.903701,38.48,0.00,676.86,676.29,675.10,672.20,672.30,673.00,
46.903469,7.370985,7.368614,46.903743,7.368614,46.903743,49.83,0.00,676.33,675.73,674.58,671.63,672.10,673.00,
46.903469,7.370985,7.368565,46.903785,7.368565,46.903785,50.97,0.00,675.93,675.27,674.17,671.19,671.70,673.00,
46.903469,7.370985,7.368515,46.903823,7.368515,46.903823,48.94,0.00,675.78,675.17,674.07,671.09,671.40,673.00,
46.903469,7.370985,7.368465,46.903865,7.368465,46.903865,52.71,0.00,675.66,675.01,673.92,670.92,671.10,672.00,
46.903469,7.370985,7.368411,46.903896,7.368411,46.903896,47.37,0.00,675.31,674.64,673.57,670.56,671.00,672.00,
46.903469,7.370985,7.368358,46.903938,7.368358,46.903938,56.35,0.00,675.37,674.70,673.63,670.62,670.80,672.00,
46.903469,7.370985,7.368307,46.903972,7.368307,46.903972,47.32,0.00,675.07,674.38,673.32,670.30,670.60,672.00,
46.903469,7.370985,7.368258,46.904010,7.368258,46.904010,46.62,0.00,674.92,674.22,673.17,670.14,670.50,1018.00,
46.903469,7.370985,7.368215,46.904045,7.368215,46.904045,37.82,0.00,674.88,674.21,673.14,670.13,669.80,988.00,
46.903469,7.370985,7.368168,46.904087,7.368168,46.904087,48.72,0.00,674.84,674.16,673.09,670.08,669.40,955.00,
46.904201,7.367910,7.368121,46.904117,7.368121,46.904117,39.03,1.00,671.48,671.45,672.89,669.87,669.30,922.00,
46.904201,7.367910,7.368073,46.904151,7.368073,46.904151,42.64,1.00,671.52,671.49,672.70,669.67,669.20,888.00,
46.904224,7.367865,7.368029,46.904174,7.368029,46.904174,31.29,1.00,671.52,671.48,672.38,669.33,669.10,857.00,
46.904239,7.367816,7.367980,46.904190,7.367980,46.904190,32.10,1.00,671.45,671.42,672.31,669.26,669.10,823.00,
46.904266,7.367770,7.367933,46.904216,7.367933,46.904216,35.78,1.00,671.57,671.55,672.11,669.05,669.00,790.00,
46.904266,7.367770,7.367878,46.904232,7.367878,46.904232,40.02,1.00,671.38,671.34,671.82,668.74,668.90,752.00,
46.904266,7.367770,7.367813,46.904254,7.367813,46.904254,59.18,1.00,671.42,671.41,671.29,668.20,668.80,706.00,
46.904266,7.367770,7.367748,46.904262,7.367748,46.904262,53.43,1.00,671.65,671.60,671.28,668.20,668.50,660.00,
46.904266,7.367770,7.367683,46.904281,7.367683,46.904281,56.44,0.00,671.38,671.28,671.01,667.90,668.00,615.00,
46.904266,7.367770,7.367612,46.904296,7.367612,46.904296,65.23,0.00,670.79,670.69,670.43,667.27,667.70,565.00,
46.904266,7.367770,7.367537,46.904312,7.367537,46.904312,72.99,0.00,670.50,670.39,670.14,667.00,667.60,512.00,
46.904266,7.367770,7.367460,46.904331,7.367460,46.904331,76.39,0.00,670.70,670.60,670.32,667.19,667.40,459.00,
46.904266,7.367770,7.367380,46.904338,7.367380,46.904338,80.93,0.00,670.40,670.25,670.05,666.88,667.00,402.00,
46.904266,7.367770,7.367299,46.904354,7.367299,46.904354,84.04,0.00,669.51,669.34,669.15,665.96,666.60,345.00,
46.904266,7.367770,7.367213,46.904354,7.367213,46.904354,91.00,0.00,668.96,668.76,668.59,665.37,666.20,285.00,
46.904266,7.367770,7.367126,46.904361,7.367126,46.904361,92.73,0.00,668.36,668.10,667.99,664.72,665.60,225.00,
46.904266,7.367770,7.367035,46.904369,7.367035,46.904369,104.25,0.00,668.12,667.85,667.75,664.47,664.90,665.00,
46.904266,7.367770,7.366936,46.904369,7.366936,46.904369,120.34,0.00,666.95,666.63,666.59,663.24,664.20,665.00,
46.904266,7.367770,7.366834,46.904376,7.366834,46.904376,130.54,0.00,665.81,665.40,665.45,662.02,663.80,664.00,
46.904266,7.367770,7.366729,46.904376,7.366729,46.904376,135.93,0.00,665.05,664.61,664.69,661.22,663.10,664.00,
46.904266,7.367770,7.366620,46.904384,7.366620,46.904384,146.72,0.00,665.13,664.68,664.77,661.30,662.90,663.00,
46.904266,7.367770,7.366512,46.904384,7.366512,46.904384,144.72,0.00,665.09,664.67,664.73,661.29,662.30,662.00,
46.904266,7.367770,7.366403,46.904396,7.366403,46.904396,147.61,0.00,664.87,664.44,664.51,661.05,661.70,662.00,
46.904266,7.367770,7.366288,46.904396,7.366288,46.904396,163.12,0.00,663.72,663.23,663.36,659.84,661.00,661.00,
46.904266,7.367770,7.366170,46.904403,7.366170,46.904403,172.06,0.00,662.51,661.96,662.15,658.57,660.40,660.00,
46.904266,7.367770,7.366045,46.904403,7.366045,46.904403,194.26,0.00,660.81,660.16,660.45,656.78,659.50,660.00,
46.904266,7.367770,7.365915,46.904411,7.365915,46.904411,210.03,0.00,660.13,659.45,659.77,656.06,658.60,659.00,
46.904266,7.367770,7.365787,46.904411,7.365787,46.904411,203.23,0.00,659.08,658.32,658.71,654.93,657.90,658.00,
46.904266,7.367770,7.365659,46.904418,7.365659,46.904418,202.44,0.00,659.33,658.59,658.95,655.18,657.10,-799.00,
46.904266,7.367770,7.365530,46.904418,7.365530,46.904418,203.23,0.00,658.19,657.39,657.83,654.00,656.60,-442.00,
46.904266,7.367770,7.365403,46.904426,7.365403,46.904426,200.93,0.00,656.53,655.65,656.17,652.26,655.90,-88.00,
46.904266,7.367770,7.365277,46.904426,7.365277,46.904426,195.74,0.00,655.34,654.39,654.98,650.99,655.30,261.00,
46.904266,7.367770,7.365153,46.904434,7.365153,46.904434,192.04,0.00,655.18,654.22,654.82,650.85,654.60,607.00,
46.904266,7.367770,7.365030,46.904434,7.365030,46.904434,186.94,0.00,654.55,653.53,654.19,650.16,653.80,949.00,
46.904266,7.367770,7.364908,46.904441,7.364908,46.904441,184.78,0.00,653.51,652.44,653.09,648.99,653.20,1289.00,
46.904266,7.367770,7.364784,46.904453,7.364784,46.904453,191.47,0.00,652.48,651.40,652.15,648.01,652.30,1633.00,
46.904266,7.367770,7.364659,46.904460,7.364659,46.904460,193.51,0.00,652.16,651.03,651.80,647.64,651.50,1981.00,
46.904266,7.367770,7.364534,46.904460,7.364534,46.904460,191.32,0.00,651.53,650.36,651.17,646.97,650.70,651.00,
46.904266,7.367770,7.364416,46.904468,7.364416,46.904468,174.85,0.00,650.64,649.40,650.28,646.02,650.00,651.00,
46.904266,7.367770,7.364302,46.904468,7.364302,46.904468,160.42,0.00,650.28,649.05,649.92,645.66,649.40,650.00,
46.904266,7.367770,7.364189,46.904476,7.364189,46.904476,158.47,0.00,649.83,648.57,649.47,645.19,648.70,650.00,
46.904266,7.367770,7.364075,46.904483,7.364075,46.904483,161.14,0.00,649.63,648.37,649.27,644.98,648.20,649.00,
46.904266,7.367770,7.363965,46.904483,7.363965,46.904483,148.57,0.00,648.76,647.45,648.40,644.06,647.70,649.00,
46.904460,7.363550,7.363860,46.904483,7.363860,46.904483,135.93,1.00,646.79,646.76,647.59,643.22,647.30,648.00,
46.904460,7.363550,7.363753,46.904483,7.363753,46.904483,140.92,1.00,646.77,646.74,647.29,642.90,646.90,647.00,
46.904460,7.363550,7.363649,46.904483,7.363649,46.904483,133.47,1.00,646.67,646.63,647.15,642.75,646.40,647.00,
46.904460,7.363446,7.363545,46.904483,7.363545,46.904483,134.70,1.00,646.80,646.74,646.54,642.11,646.10,646.00,
46.904460,7.363446,7.363437,46.904483,7.363437,46.904483,144.72,1.00,646.73,646.69,646.40,641.97,645.60,646.00,
46.904460,7.363446,7.363328,46.904483,7.363328,46.904483,146.00,0.00,645.98,645.93,645.66,641.21,645.10,645.00,
46.904460,7.363446,7.363218,46.904483,7.363218,46.904483,148.57,0.00,645.18,645.09,644.86,640.37,644.60,645.00,
46.904460,7.363446,7.363103,46.904476,7.363103,46.904476,163.84,0.00,644.80,644.69,644.48,639.97,644.10,644.00,
46.904460,7.363446,7.362985,46.904476,7.362985,46.904476,172.73,0.00,644.36,644.23,644.04,639.52,643.50,-5691.00,
46.904460,7.363446,7.362865,46.904468,7.362865,46.904468,179.07,0.00,643.96,643.80,643.63,639.02,642.90,-4086.00,
46.904460,7.363446,7.362738,46.904453,7.362738,46.904453,201.59,0.00,643.36,643.18,643.01,638.43,642.20,-2392.00,
46.904460,7.363446,7.362610,46.904434,7.362610,46.904434,207.72,0.00,641.92,641.66,641.55,636.89,641.40,-679.00,
46.904460,7.363446,7.362474,46.904418,7.362474,46.904418,229.40,0.00,640.46,640.13,640.14,635.41,640.60,1128.00,
46.904460,7.363446,7.362333,46.904384,7.362333,46.904384,260.63,0.00,639.71,639.33,639.38,634.61,639.90,3013.00,
46.904460,7.363446,7.362190,46.904369,7.362190,46.904369,257.33,0.00,638.78,638.37,638.46,633.64,638.80,4930.00,
46.904460,7.363446,7.362045,46.904354,7.362045,46.904354,260.72,0.00,637.83,637.36,637.51,632.64,638.10,6859.00,
46.904460,7.363446,7.361897,46.904354,7.361897,46.904354,271.64,0.00,636.79,636.27,636.46,631.55,637.30,8839.00,
46.904460,7.363446,7.361750,46.904354,7.361750,46.904354,266.42,0.00,635.74,635.17,635.42,630.45,636.50,638.00,
46.904460,7.363446,7.361602,46.904361,7.361602,46.904361,272.36,0.00,635.06,634.45,634.74,629.73,635.50,638.00,
46.904460,7.363446,7.361458,46.904361,7.361458,46.904361,254.45,0.00,634.52,633.88,634.20,629.16,634.60,637.00,
46.904460,7.363446,7.361318,46.904369,7.361318,46.904369,243.47,0.00,633.93,633.27,633.61,628.54,633.60,636.00,
46.904460,7.363446,7.361182,46.904376,7.361182,46.904376,230.44,0.00,633.00,632.30,632.68,627.57,632.50,634.00,
46.904460,7.363446,7.361053,46.904396,7.361053,46.904396,207.72,0.00,632.34,631.59,632.02,626.87,631.30,634.00,
46.904460,7.363446,7.360929,46.904426,7.360929,46.904426,204.29,0.00,631.63,630.85,631.31,626.13,630.30,633.00,
46.904560,7.360650,7.360810,46.904468,7.360810,46.904468,194.48,1.00,628.05,628.01,630.40,625.18,629.20,631.00,
46.904560,7.360650,7.360696,46.904518,7.360696,46.904518,190.80,1.00,628.21,628.18,629.44,624.16,629.40,630.00,
46.904617,7.360545,7.360591,46.904575,7.360591,46.904575,176.37,1.00,628.10,628.06,628.92,623.62,628.90,629.00,
46.904617,7.360545,7.360492,46.904628,7.360492,46.904628,157.91,1.00,628.02,627.98,628.00,622.61,628.30,627.00,
46.904617,7.360545,7.360393,46.904678,7.360393,46.904678,150.72,0.00,627.80,627.75,627.78,622.42,627.80,626.00,
46.904617,7.360545,7.360295,46.904735,7.360295,46.904735,159.62,0.00,627.25,627.17,627.23,621.85,627.30,625.00,
46.904617,7.360545,7.360193,46.904777,7.360193,46.904777,150.37,0.00,627.36,627.31,627.34,621.98,626.90,5110.00,
46.904617,7.360545,7.360087,46.904808,7.360087,46.904808,149.92,0.00,626.82,626.75,626.77,621.39,626.30,3566.00,
46.904617,7.360545,7.359976,46.904827,7.359976,46.904827,155.66,0.00,626.21,626.15,626.24,620.83,624.90,1952.00,
46.904617,7.360545,7.359871,46.904834,7.359871,46.904834,136.65,0.00,626.11,625.97,626.06,620.64,624.50,421.00,
46.904617,7.360545,7.359769,46.904819,7.359769,46.904819,132.70,0.00,625.61,625.50,625.59,620.17,623.80,-1074.00,
46.904617,7.360545,7.359670,46.904792,7.359670,46.904792,129.15,0.00,625.59,625.48,625.57,620.15,623.20,-2515.00,
46.904617,7.360545,7.359589,46.904769,7.359589,46.904769,88.59,0.00,624.76,624.60,624.74,619.28,622.90,-3705.00,
46.904617,7.360545,7.359520,46.904735,7.359520,46.904735,71.99,0.00,624.41,624.24,624.39,618.91,622.40,-4700.00,
46.904617,7.360545,7.359456,46.904705,7.359456,46.904705,63.45,0.00,623.76,623.57,623.73,618.24,621.90,617.00,
46.904617,7.360545,7.359396,46.904670,7.359396,46.904670,57.74,0.00,623.15,622.93,623.13,617.60,621.30,617.00,
46.904617,7.360545,7.359344,46.904647,7.359344,46.904647,41.07,0.00,623.03,622.81,623.01,617.48,620.90,616.00,
46.904617,7.360545,7.359292,46.904621,7.359292,46.904621,42.18,0.00,622.49,622.24,622.47,616.91,620.40,616.00,
46.904617,7.360545,7.359239,46.904598,7.359239,46.904598,41.07,0.00,621.86,621.58,621.84,616.26,619.90,615.00,
46.904617,7.360545,7.359184,46.904575,7.359184,46.904575,43.61,0.00,621.31,621.02,621.29,615.69,619.40,615.00,
46.904617,7.360545,7.359127,46.904541,7.359127,46.904541,55.00,0.00,620.61,620.29,620.59,614.96,619.10,614.00,
46.904617,7.360545,7.359068,46.904506,7.359068,46.904506,57.05,0.00,620.63,620.33,620.61,615.00,618.70,614.00,
46.904617,7.360545,7.359012,46.904476,7.359012,46.904476,50.61,0.00,620.00,619.67,619.98,614.34,619.00,614.00,
46.904617,7.360545,7.358955,46.904441,7.358955,46.904441,54.33,0.00,619.34,618.97,619.31,613.64,618.90,613.00,
46.904617,7.360545,7.358897,46.904411,7.358897,46.904411,53.31,0.00,618.90,618.51,618.88,613.19,618.50,613.00,
46.904617,7.360545,7.358842,46.904376,7.358842,46.904376,51.70,0.00,618.22,617.79,618.17,612.46,618.00,613.00,
46.904617,7.360545,7.358788,46.904338,7.358788,46.904338,53.84,0.00,617.74,617.32,617.72,611.99,617.80,612.00,
46.904617,7.360545,7.358743,46.904304,7.358743,46.904304,39.38,0.00,617.55,617.07,617.48,611.74,617.40,612.00,
46.904617,7.360545,7.358704,46.904262,7.358704,46.904262,41.10,0.00,616.86,616.39,616.83,611.06,617.00,612.00,
46.904617,7.360545,7.358662,46.904232,7.358662,46.904232,32.76,0.00,616.57,616.11,616.54,610.78,616.60,612.00,
46.904617,7.360545,7.358620,46.904190,7.358620,46.904190,43.50,0.00,616.73,616.28,616.71,610.95,616.20,612.00,
46.904617,7.360545,7.358576,46.904151,7.358576,46.904151,41.75,0.00,615.72,615.22,615.69,609.89,615.70,612.00,
46.904617,7.360545,7.358535,46.904102,7.358535,46.904102,51.63,0.00,615.23,614.70,615.21,609.37,615.10,611.00,
46.904617,7.360545,7.358496,46.904060,7.358496,46.904060,40.18,0.00,614.76,614.24,614.74,608.91,614.60,611.00,
46.904617,7.360545,7.358460,46.904018,7.358460,46.904018,37.55,0.00,614.47,613.93,614.45,608.60,614.10,611.00,
46.904617,7.360545,7.358423,46.903980,7.358423,46.903980,35.50,0.00,614.08,613.52,614.06,608.19,613.70,611.00,
46.904617,7.360545,7.358383,46.903945,7.358383,46.903945,33.91,0.00,613.90,613.33,613.88,608.00,613.20,610.00,
46.903900,7.358160,7.358340,46.903923,7.358340,46.903923,29.22,1.00,611.13,611.10,613.70,607.81,612.70,610.00,
46.903900,7.358160,7.358294,46.903907,7.358294,46.903907,29.85,1.00,611.14,611.12,613.73,607.87,612.30,609.00,
46.903900,7.358110,7.358244,46.903907,7.358244,46.903907,30.38,1.00,611.05,611.02,613.49,607.62,612.00,609.00,
46.903900,7.358053,7.358187,46.903907,7.358187,46.903907,40.44,1.00,611.05,611.02,612.90,606.99,611.70,608.00,
46.903915,7.357991,7.358125,46.903923,7.358125,46.903923,50.34,1.00,611.01,610.98,612.32,606.40,611.40,607.00,
46.903915,7.357991,7.358067,46.903945,7.358067,46.903945,47.59,1.00,611.02,610.99,611.67,605.66,610.90,605.00,
46.903915,7.357991,7.358013,46.903987,7.358013,46.903987,58.25,1.00,611.01,610.98,610.97,604.96,610.60,604.00,
46.903915,7.357991,7.357975,46.904037,7.357975,46.904037,47.46,0.00,610.63,610.58,610.59,604.59,610.40,603.00,
46.903915,7.357991,7.357965,46.904102,7.357965,46.904102,53.31,0.00,610.37,610.31,610.33,604.32,609.80,602.00,
46.903915,7.357991,7.357975,46.904159,7.357975,46.904159,41.80,0.00,609.68,609.58,609.64,603.59,609.20,602.00,
46.903915,7.357991,7.357996,46.904224,7.357996,46.904224,57.38,0.00,608.98,608.85,608.94,602.86,608.50,602.00,
46.903915,7.357991,7.358020,46.904289,7.358020,46.904289,58.69,0.00,608.92,608.80,608.89,602.83,608.30,601.00,
46.903915,7.357991,7.358048,46.904354,7.358048,46.904354,62.06,0.00,608.67,608.52,608.60,602.51,607.60,602.00,
46.903915,7.357991,7.358075,46.904418,7.358075,46.904418,60.75,0.00,608.06,607.87,607.99,601.88,607.00,602.00,
46.903915,7.357991,7.358100,46.904491,7.358100,46.904491,72.78,0.00,607.56,607.37,607.52,601.39,606.40,602.00,
46.903915,7.357991,7.358127,46.904556,7.358127,46.904556,60.44,0.00,606.66,606.43,606.62,600.45,605.70,602.00,
46.903915,7.357991,7.358150,46.904628,7.358150,46.904628,71.63,0.00,606.01,605.75,605.97,599.76,605.20,602.00,
46.903915,7.357991,7.358179,46.904705,7.358179,46.904705,82.01,0.00,605.59,605.33,605.55,599.35,604.20,602.00,
46.903915,7.357991,7.358201,46.904785,7.358201,46.904785,85.47,0.00,604.83,604.54,604.80,598.55,603.40,603.00,
46.903915,7.357991,7.358225,46.904865,7.358225,46.904865,86.57,0.00,603.99,603.65,603.95,597.66,602.60,603.00,
46.903915,7.357991,7.358252,46.904949,7.358252,46.904949,95.80,0.00,603.30,602.93,603.26,596.94,601.50,603.00,
46.903915,7.357991,7.358276,46.905036,7.358276,46.905036,102.39,0.00,602.57,602.18,602.53,596.20,600.40,603.00,
46.903915,7.357991,7.358300,46.905128,7.358300,46.905128,110.28,0.00,601.78,601.36,601.75,595.37,599.90,603.00,
46.903915,7.357991,7.358323,46.905208,7.358323,46.905208,86.01,0.00,601.01,600.55,600.98,594.57,599.10,594.00,
46.903915,7.357991,7.358345,46.905296,7.358345,46.905296,100.77,0.00,599.68,599.15,599.64,593.10,598.30,594.00,
46.903915,7.357991,7.358370,46.905387,7.358370,46.905387,111.42,0.00,598.60,598.01,598.56,592.03,597.30,593.00,
46.903915,7.357991,7.358397,46.905475,7.358397,46.905475,103.89,0.00,597.96,597.36,597.92,591.38,596.50,593.00,
46.903915,7.357991,7.358440,46.905567,7.358440,46.905567,126.79,0.00,596.96,596.32,596.93,590.34,595.80,593.00,
46.903915,7.357991,7.358511,46.905639,7.358511,46.905639,128.08,0.00,596.00,595.31,595.96,589.23,595.20,594.00,
46.903915,7.357991,7.358613,46.905704,7.358613,46.905704,179.36,0.00,594.93,594.18,594.89,588.20,594.30,599.00,
46.903915,7.357991,7.358728,46.905754,7.358728,46.905754,193.50,0.00,594.36,593.58,594.32,587.60,593.20,599.00,
46.903915,7.357991,7.358845,46.905796,7.358845,46.905796,191.71,0.00,593.24,592.44,593.20,586.45,592.20,599.00,
46.903915,7.357991,7.358953,46.905841,7.358953,46.905841,169.33,0.00,592.41,591.56,592.37,585.56,591.20,599.00,
46.903915,7.357991,7.359052,46.905883,7.359052,46.905883,142.09,0.00,592.27,591.42,592.23,585.43,590.60,599.00,
46.903915,7.357991,7.359135,46.905933,7.359135,46.905933,116.39,0.00,591.60,590.73,591.55,584.74,590.10,599.00,
46.903915,7.357991,7.359198,46.905998,7.359198,46.905998,100.88,0.00,591.41,590.55,591.42,584.58,589.70,598.00,
46.903915,7.357991,7.359225,46.906070,7.359225,46.906070,74.01,0.00,591.11,590.20,591.06,584.22,589.60,-4000.00,
46.903915,7.357991,7.359210,46.906127,7.359210,46.906127,43.32,0.00,590.51,589.58,590.47,583.60,589.30,596.00,
46.903915,7.357991,7.359171,46.906185,7.359171,46.906185,58.87,0.00,590.21,589.28,590.18,583.30,588.90,595.00,
46.903915,7.357991,7.359115,46.906234,7.359115,46.906234,70.15,0.00,589.89,588.94,589.85,582.96,588.70,595.00,
46.903915,7.357991,7.359056,46.906265,7.359056,46.906265,53.31,0.00,589.41,588.46,589.37,582.48,588.20,594.00,
46.903915,7.357991,7.359000,46.906291,7.359000,46.906291,48.58,0.00,589.29,588.33,589.25,582.35,587.90,593.00,
46.903915,7.357991,7.358955,46.906322,7.358955,46.906322,36.32,0.00,589.09,588.12,589.05,582.14,587.10,593.00,
46.903915,7.357991,7.358923,46.906349,7.358923,46.906349,21.04,0.00,589.06,588.09,589.02,582.11,586.80,592.00,
46.903915,7.357991,7.358913,46.906379,7.358913,46.906379,12.86,0.00,588.73,587.76,588.69,581.78,586.40,592.00,
46.903915,7.357991,7.358918,46.906414,7.358918,46.906414,14.90,0.00,588.53,587.55,588.49,581.57,586.10,591.00,
46.903915,7.357991,7.358933,46.906452,7.358933,46.906452,20.85,0.00,588.41,587.42,588.37,581.44,585.90,591.00,
46.903915,7.357991,7.358949,46.906486,7.358949,46.906486,17.44,0.00,588.67,587.72,588.63,581.74,586.20,591.00,
46.903915,7.357991,7.358968,46.906517,7.358968,46.906517,16.22,0.00,588.55,587.60,588.52,581.62,586.60,591.00,
46.903915,7.357991,7.358991,46.906551,7.358991,46.906551,20.76,0.00,588.50,587.54,588.46,581.56,586.90,590.00,
46.903915,7.357991,7.359004,46.906593,7.359004,46.906593,24.11,0.00,588.52,587.59,588.48,581.60,587.60,590.00,
46.903915,7.357991,7.359022,46.906623,7.359022,46.906623,15.35,0.00,588.46,587.53,588.43,581.55,588.10,590.00,
46.903915,7.357991,7.359040,46.906658,7.359040,46.906658,18.61,0.00,588.56,587.63,588.52,581.64,588.50,590.00,
46.903915,7.357991,7.359067,46.906696,7.359067,46.906696,26.78,0.00,588.51,587.57,588.47,581.59,588.90,589.00,
46.903915,7.357991,7.359098,46.906738,7.359098,46.906738,33.98,0.00,588.41,587.49,588.37,581.51,589.30,589.00,
46.903915,7.357991,7.359127,46.906795,7.359127,46.906795,50.22,0.00,588.41,587.49,588.37,581.49,589.80,589.00,
46.903915,7.357991,7.359160,46.906852,7.359160,46.906852,54.60,0.00,588.34,587.42,588.30,581.42,590.00,588.00,
46.903915,7.357991,7.359197,46.906909,7.359197,46.906909,57.09,0.00,588.29,587.36,588.21,581.36,590.10,588.00,
46.903915,7.357991,7.359235,46.906967,7.359235,46.906967,57.97,0.00,588.02,587.14,588.02,581.16,590.10,588.00,
46.903915,7.357991,7.359275,46.907024,7.359275,46.907024,60.73,0.00,587.95,587.02,587.91,581.04,589.80,596.00,
46.903915,7.357991,7.359318,46.907081,7.359318,46.907081,63.19,0.00,587.93,587.01,587.89,581.02,589.80,595.00,
46.903915,7.357991,7.359357,46.907138,7.359357,46.907138,58.87,0.00,588.00,587.10,587.96,581.12,589.70,594.00,
46.903915,7.357991,7.359393,46.907192,7.359393,46.907192,51.45,0.00,588.37,587.48,588.33,581.50,589.50,593.00,
46.903915,7.357991,7.359416,46.907249,7.359416,46.907249,47.19,1.00,585.64,585.61,588.32,581.49,589.50,592.00,
46.903915,7.357991,7.359432,46.907306,7.359432,46.907306,43.32,1.00,585.63,585.60,588.33,581.51,589.20,592.00,
46.903915,7.357991,7.359443,46.907363,7.359443,46.907363,42.06,1.00,585.58,585.55,588.20,581.38,589.00,591.00,
46.903915,7.357991,7.359440,46.907436,7.359440,46.907436,64.99,1.00,585.66,585.63,588.45,581.65,589.00,590.00,
46.903915,7.357991,7.359405,46.907485,7.359405,46.907485,45.34,1.00,585.64,585.61,588.78,582.00,589.00,590.00,
46.903915,7.357991,7.359349,46.907520,7.359349,46.907520,54.33,0.00,586.05,586.04,589.19,582.43,589.20,590.00,
46.903915,7.357991,7.359282,46.907527,7.359282,46.907527,56.55,0.00,586.22,586.23,589.38,582.62,589.30,590.00,
46.903915,7.357991,7.359208,46.907535,7.359208,46.907535,67.33,0.00,586.51,586.52,589.64,582.90,589.60,591.00,
46.903915,7.357991,7.359137,46.907543,7.359137,46.907543,63.07,0.00,586.95,587.01,590.09,583.39,590.00,591.00,
46.903915,7.357991,7.359067,46.907558,7.359067,46.907558,63.56,0.00,587.54,587.63,590.68,584.01,590.40,591.00,
46.903915,7.357991,7.359000,46.907569,7.359000,46.907569,57.45,0.00,587.93,588.06,591.09,584.46,591.20,592.00,
46.903915,7.357991,7.358937,46.907585,7.358937,46.907585,51.81,0.00,588.27,588.41,591.41,584.79,591.20,592.00,
46.903915,7.357991,7.358870,46.907600,7.358870,46.907600,57.14,0.00,588.47,588.62,591.61,585.00,591.20,592.00,
46.903915,7.357991,7.358803,46.907615,7.358803,46.907615,58.71,0.00,588.80,588.99,591.94,585.37,591.20,593.00,
46.903915,7.357991,7.358736,46.907634,7.358736,46.907634,60.33,0.00,589.14,589.35,592.28,585.73,591.30,593.00,
46.903915,7.357991,7.358672,46.907649,7.358672,46.907649,53.31,0.00,589.52,589.77,592.66,586.15,591.40,593.00,
46.903915,7.357991,7.358603,46.907657,7.358603,46.907657,59.77,0.00,590.13,590.41,593.27,586.79,592.20,594.00,
46.903915,7.357991,7.358539,46.907672,7.358539,46.907672,54.06,0.00,590.35,590.64,593.49,587.02,592.20,590.00,
46.903915,7.357991,7.358474,46.907691,7.358474,46.907691,56.44,0.00,590.54,590.84,593.68,587.22,592.30,590.00,
46.903915,7.357991,7.358408,46.907699,7.358408,46.907699,53.43,0.00,590.75,591.06,593.89,587.45,592.40,591.00,
46.903915,7.357991,7.358344,46.907714,7.358344,46.907714,54.82,0.00,591.25,591.60,594.39,587.98,592.50,591.00,
46.903915,7.357991,7.358275,46.907730,7.358275,46.907730,60.31,0.00,591.69,592.06,594.83,588.44,592.50,592.00,
46.903915,7.357991,7.358205,46.907749,7.358205,46.907749,65.18,0.00,591.56,591.93,594.70,588.32,592.60,593.00,
46.903915,7.357991,7.358133,46.907764,7.358133,46.907764,67.76,0.00,591.58,591.97,594.72,588.35,592.60,593.00,
46.903915,7.357991,7.358055,46.907779,7.358055,46.907779,78.41,0.00,591.21,591.58,594.35,587.96,592.60,594.00,
46.903915,7.357991,7.357975,46.907794,7.357975,46.907794,80.27,0.00,590.74,591.09,593.88,587.49,592.60,595.00,
46.907798,7.357660,7.357892,46.907802,7.357892,46.907802,86.73,1.00,591.54,591.52,594.06,587.66,592.60,8545.00,
46.907798,7.357660,7.357809,46.907821,7.357809,46.907821,90.50,1.00,591.53,591.50,593.75,587.35,592.50,7503.00,
46.907798,7.357586,7.357735,46.907821,7.357735,46.907821,66.61,1.00,591.57,591.56,593.77,587.38,592.30,6586.00,
46.907821,7.357540,7.357688,46.907844,7.357688,46.907844,33.44,1.00,591.46,591.43,593.78,587.39,592.10,6002.00,
46.907848,7.357530,7.357678,46.907871,7.357678,46.907871,10.05,1.00,591.47,591.44,593.70,587.30,591.60,5878.00,
46.907886,7.357546,7.357695,46.907909,7.357695,46.907909,21.22,1.00,591.48,591.45,593.49,587.10,591.50,6081.00,
46.907920,7.357581,7.357730,46.907943,7.357730,46.907943,29.94,1.00,591.45,591.42,593.07,586.66,591.30,6523.00,
46.907958,7.357620,7.357769,46.907981,7.357769,46.907981,36.40,1.00,591.45,591.42,592.50,586.07,590.90,7006.00,
46.907958,7.357620,7.357811,46.908031,7.357811,46.908031,53.13,0.00,591.00,590.95,592.05,585.60,590.40,7544.00,
46.907958,7.357620,7.357856,46.908081,7.357856,46.908081,55.19,0.00,590.52,590.44,591.57,585.08,589.90,597.00,
46.907958,7.357620,7.357903,46.908130,7.357903,46.908130,57.35,0.00,590.27,590.20,591.31,584.84,589.50,597.00,
46.907958,7.357620,7.357942,46.908187,7.357942,46.908187,58.87,0.00,590.09,590.01,591.13,584.65,589.10,597.00,
46.907958,7.357620,7.357981,46.908245,7.357981,46.908245,59.79,0.00,589.77,589.68,590.82,584.32,588.80,597.00,
46.907958,7.357620,7.358028,46.908309,7.358028,46.908309,78.92,0.00,589.62,589.52,590.67,584.16,588.30,596.00,
46.907958,7.357620,7.358073,46.908359,7.358073,46.908359,55.19,0.00,589.52,589.41,590.56,584.05,587.90,596.00,
46.907958,7.357620,7.358111,46.908424,7.358111,46.908424,70.37,0.00,589.42,589.31,590.47,583.96,587.40,596.00,
46.907958,7.357620,7.358145,46.908470,7.358145,46.908470,40.04,1.00,588.12,588.10,590.35,583.85,587.10,596.00,
46.907958,7.357620,7.358163,46.908527,7.358163,46.908527,44.50,1.00,588.11,588.08,590.22,583.72,586.90,596.00,
46.907958,7.357620,7.358180,46.908576,7.358180,46.908576,33.62,1.00,588.11,588.08,590.32,583.81,586.70,596.00,
46.908618,7.358200,7.358198,46.908626,7.358198,46.908626,34.65,1.00,588.12,588.10,590.21,583.71,586.50,596.00,
46.908660,7.358218,7.358216,46.908668,7.358216,46.908668,25.80,1.00,588.12,588.10,590.19,583.68,586.30,596.00,
46.908699,7.358237,7.358235,46.908706,7.358235,46.908706,22.25,1.00,588.08,588.05,590.10,583.59,586.40,596.00,
46.908748,7.358255,7.358253,46.908756,7.358253,46.908756,34.43,1.00,588.12,588.10,589.94,583.42,586.30,596.00,
46.908748,7.358255,7.358286,46.908798,7.358286,46.908798,35.51,0.00,587.96,587.93,589.78,583.23,586.00,592.00,
46.908748,7.358255,7.358323,46.908847,7.358323,46.908847,47.03,0.00,587.58,587.54,589.39,582.85,585.50,592.00,
46.908748,7.358255,7.358350,46.908893,7.358350,46.908893,34.69,0.00,587.51,587.48,589.31,582.78,585.20,592.00,
46.908748,7.358255,7.358370,46.908935,7.358370,46.908935,26.70,0.00,587.47,587.43,589.28,582.75,585.00,592.00,
46.908748,7.358255,7.358383,46.908969,7.358383,46.908969,16.76,0.00,587.36,587.36,589.21,582.67,585.00,591.00,
46.908748,7.358255,7.358391,46.909000,7.358391,46.909000,12.32,0.00,587.39,587.34,589.19,582.65,585.10,591.00,
46.908748,7.358255,7.358401,46.909015,7.358401,46.909015,4.11,0.00,587.19,587.14,589.00,582.46,585.00,591.00,
46.908748,7.358255,7.358409,46.909034,7.358409,46.909034,5.31,0.00,587.22,587.19,589.03,582.51,584.80,591.00,
46.908748,7.358255,7.358414,46.909049,7.358414,46.909049,3.10,0.00,587.22,587.19,589.03,582.51,584.80,591.00,
46.908748,7.358255,7.358417,46.909057,7.358417,46.909057,0.82,0.00,587.31,587.28,589.12,582.60,584.90,591.00,
46.908748,7.358255,7.358417,46.909057,7.358417,46.909057,0.00,0.00,587.23,587.20,589.04,582.52,585.00,591.00,
46.908748,7.358255,7.358420,46.909072,7.358420,46.909072,3.01,0.00,587.20,587.17,589.01,582.49,585.00,591.00,
46.908748,7.358255,7.358428,46.909080,7.358428,46.909080,1.53,0.00,587.22,587.19,589.03,582.51,584.80,591.00,
46.908748,7.358255,7.358437,46.909107,7.358437,46.909107,9.82,0.00,587.21,587.18,589.02,582.49,584.50,591.00,
46.908748,7.358255,7.358445,46.909137,7.358445,46.909137,12.32,0.00,587.19,587.16,589.00,582.48,584.60,591.00,
46.909339,7.358460,7.358461,46.909172,7.358461,46.909172,17.81,1.00,586.71,586.66,589.05,582.53,584.70,591.00,
46.909381,7.358473,7.358475,46.909214,7.358475,46.909214,23.95,1.00,586.58,586.57,589.02,582.51,584.60,591.00,
46.909404,7.358481,7.358483,46.909236,7.358483,46.909236,7.28,1.00,586.63,586.60,588.94,582.43,584.80,591.00,
46.909427,7.358489,7.358490,46.909259,7.358490,46.909259,7.10,1.00,586.63,586.60,588.94,582.43,585.00,591.00,
46.909454,7.358491,7.358493,46.909286,7.358493,46.909286,8.91,1.00,586.63,586.60,588.88,582.37,585.20,591.00,
46.909469,7.358494,7.358495,46.909301,7.358495,46.909301,2.95,1.00,586.63,586.60,588.98,582.50,585.40,591.00,
46.909484,7.358487,7.358488,46.909317,7.358488,46.909317,3.51,1.00,586.67,586.65,588.98,582.50,585.50,591.00,
46.909511,7.358473,7.358475,46.909343,7.358475,46.909343,11.01,1.00,586.63,586.60,588.98,582.50,585.50,592.00,
46.909511,7.358473,7.358465,46.909374,7.358465,46.909374,12.74,1.00,586.64,586.62,588.95,582.47,585.70,592.00,
46.909511,7.358473,7.358458,46.909400,7.358458,46.909400,9.28,1.00,586.64,586.62,588.97,582.48,585.30,592.00,
46.909511,7.358473,7.358460,46.909423,7.358460,46.909423,6.52,1.00,586.66,586.65,589.03,582.54,585.10,592.00,
46.909511,7.358473,7.358464,46.909458,7.358464,46.909458,14.70,1.00,586.68,586.66,589.01,582.53,585.20,592.00,
46.909511,7.358473,7.358465,46.909488,7.358465,46.909488,11.51,1.00,586.62,586.59,588.91,582.43,585.20,592.00,
46.909511,7.358473,7.358458,46.909530,7.358458,46.909530,22.22,0.00,586.53,586.55,588.88,582.39,585.10,592.00,
46.909511,7.358473,7.358455,46.909580,7.358455,46.909580,30.51,0.00,586.57,586.55,588.88,582.39,585.40,592.00,
46.909820,7.358460,7.358455,46.909618,7.358455,46.909618,17.97,1.00,585.68,585.65,588.70,582.22,585.40,593.00,
46.909820,7.358460,7.358458,46.909645,7.358458,46.909645,8.95,1.00,585.74,585.71,588.59,582.11,585.30,593.00,
46.909835,7.358463,7.358461,46.909660,7.358461,46.909660,2.98,1.00,585.70,585.67,588.54,582.06,585.20,593.00,
46.909851,7.358468,7.358467,46.909675,7.358467,46.909675,3.22,1.00,585.68,585.65,588.38,581.89,585.20,593.00,
46.909866,7.358463,7.358461,46.909690,7.358461,46.909690,3.22,1.00,585.74,585.72,588.53,582.05,584.70,593.00,
46.909885,7.358458,7.358457,46.909709,7.358457,46.909709,4.77,1.00,585.73,585.70,588.56,582.07,584.20,593.00,
46.909908,7.358452,7.358450,46.909732,7.358450,46.909732,6.95,1.00,585.71,585.68,588.48,581.99,584.00,593.00,
46.909950,7.358448,7.358446,46.909774,7.358446,46.909774,21.98,1.00,585.76,585.73,588.39,581.90,583.70,593.00,
46.909980,7.358457,7.358455,46.909805,7.358455,46.909805,12.52,1.00,585.76,585.73,588.29,581.81,584.00,593.00,
46.909980,7.358457,7.358460,46.909832,7.358460,46.909832,9.15,1.00,585.68,585.65,588.14,581.64,584.00,593.00,
46.909980,7.358457,7.358455,46.909839,7.358455,46.909839,1.06,1.00,585.79,585.76,588.30,581.80,583.90,593.00,
46.909980,7.358457,7.358455,46.909847,7.358455,46.909847,0.72,1.00,585.77,585.75,588.21,581.70,583.90,593.00,
46.909980,7.358457,7.358457,46.909847,7.358457,46.909847,0.03,1.00,585.75,585.72,588.18,581.68,584.10,593.00,
46.909980,7.358457,7.358458,46.909839,7.358458,46.909839,0.76,1.00,585.79,585.76,588.25,581.75,584.30,593.00,
46.909980,7.358457,7.358460,46.909839,7.358460,46.909839,0.04,1.00,585.71,585.69,588.25,581.75,584.40,593.00,
46.909980,7.358457,7.358458,46.909839,7.358458,46.909839,0.04,1.00,585.75,585.73,588.46,581.97,584.40,593.00,
46.909980,7.358457,7.358457,46.909839,7.358457,46.909839,0.04,1.00,585.68,585.67,588.51,582.02,584.40,593.00,
46.909980,7.358457,7.358460,46.909839,7.358460,46.909839,0.18,1.00,585.71,585.68,588.46,581.95,584.40,593.00,
46.909980,7.358457,7.358460,46.909839,7.358460,46.909839,0.00,1.00,585.75,585.72,588.41,581.90,584.40,593.00,
46.909980,7.358457,7.358460,46.909839,7.358460,46.909839,0.00,1.00,585.73,585.70,588.45,581.94,584.50,593.00,
46.909980,7.358457,7.358460,46.909839,7.358460,46.909839,0.00,1.00,585.68,585.67,588.51,582.00,584.50,593.00,
